コード,現在値,始値,高値,安値,VWAP,出来高,売買代金,前日終値,PER(連結),配当利回り,PER(単独),株式益回り,PBR(連結),ROE(連結),PBR(単独),ROE(単独),発行済株式,時価総額,一株利益(連結),一株利益(単独)
25935,2410,2402,2422,2400,2411.0761,9200,22182,2402,--,0,2.07,--,--,--,--,--,--,34246962,825,--,--
2976,1222,1240,1240,1201,1218.0714,1400,1705,1231,6.4,0,0.40,--,--,1.15,18.387,1.29,17.57,1150000,14,189.6,--
2977,--,--,--,--,--,--,--,--,--,--,1.50,23.8,4.18,1.07,7.638,1.07,7.64,1000000,16,67,67
2978,1522,1460,1524,1451,1489.9795,88000,131118,1454,--,0,911.3,0.10,9.29,1.042,9.29,1.04,9331700,142,1.7,1.7
3001,1383,1384,1401,1380,1386.3161,15500,21488,1380,28.5,0,0.86,44.0,2.26,0.85,2.280,2.18,4.13,35215000,487,48.5,31.4
3002,5050,5050,5090,5050,5060.4478,26800,135620,5080,20.9,0,2.27,--,--,0.83,3.704,0.83,3.49,19293516,974,241.2,--
3003,1178,1184,1187,1173,1178.6798,822200,969111,1185,13.8,0,2.58,--,--,1.82,12.759,2.10,14.13,673907735,7939,85.3,--
3004,757,738,757,738,754.1538,1300,980,753,--,0,--,--,1.43,--,0.97,--,3960000,30,-79,--
3010,148,0.00,148,148,146,147.0556,16200,2382,148,0,77.0,--,--,8.01,--,--,--,53640841,79,1.9,--
3011,142,0.00,145,145,142,142.8641,39000,5572,142,--,1.40,--,--,0.97,1.896,1.01,--,20236086,29,-12.1,--
3020,1731,1671,1731,1671,1712.2609,6900,11815,1689,5.0,0,2.59,--,--,0.69,20.872,--,--,2703200,47,341.8,--
3021,981,990,998,981,988.9944,17800,17604,989,19.7,0,2.24,19.0,5.26,2.69,9.935,2.45,11.38,5175000,51,49.6,51.6
3023,885,880,889,880,885.1038,18300,16197,882,6.3,0,4.29,9.6,10.39,0.63,10.187,0.80,7.90,12910000,114,138.5,92
3024,705,712,712,705,707.8364,5500,3893,712,9.1,0,1.98,11.4,8.74,0.67,6.143,0.72,5.69,3969000,28,77,61.6
3028,1781,1797,1798,1781,1790.7139,105200,188383,1797,28.6,0,2.24,--,--,0.70,--,0.74,--,40488000,721,62.1,--
3030,1002,1003,1013,1002,1006.5714,28700,28889,1010,--,0,1.59,18.2,5.49,2.63,13.190,2.63,13.19,11265300,113,55,55
3031,693,692,700,690,694.5242,49600,34448,696,30.3,0,0.86,--,--,4.78,15.726,--,--,19046700,132,22.9,--
3032,296,299,299,296,296.6875,3200,949,299,15.7,0,--,--,2.18,--,2.65,--,2540642,8,18.8,--
3034,1585,1575,1612,1574,1593.1628,68800,109610,1578,14.7,0,1.76,--,--,1.54,10.464,--,--,38902785,617,107.7,--
3035,360,362,364,360,361.8519,2700,977,363,9.5,0,3.05,12.1,8.20,0.67,7.166,0.80,6.76,5725000,21,37.8,29.5
3036,1501,1505,1530,1501,1514.5207,48400,73303,1499,8.6,0,2.79,--,--,0.98,10.729,2.80,22.92,25915700,389,174.2,--
3038,3365,3350,3390,3310,3347.0159,872300,2919602,3370,33.4,0,0.52,--,--,8.68,35.967,11.91,27.12,136800000,4603,100.7,--
3039,--,--,--,--,--,--,--,--,--,0,--,117.9,0.84,1.73,--,1.73,--,590000,7,10.2,10.2
3040,1081,1055,1081,1048,1070.1407,85300,91283,1055,22.7,0,0.92,--,--,3.25,5.378,3.44,5.90,19738888,213,47.5,--
3041,292,0.00,292,296,292,292.7857,2800,820,292,10.7,2.78,--,--,2.45,--,2.34,0.00,5076000,15,27.2,--
3042,821,822,827,812,818.3306,24800,20295,809,47.8,0,55.5,1.80,3.92,4.227,3.88,4.13,3382000,28,17.1,14.8
3045,919,915,919,915,918.0000,700,643,915,8.9,0,2.72,--,--,0.48,6.009,--,--,2901000,27,102.4,--
3046,6620,6610,6660,6610,6636.8421,26600,176540,6590,35.6,0,0.83,--,--,7.09,18.390,--,--,23980000,1587,185.6,--
3047,257,260,260,256,257.6364,1100,283,258,10.8,0,1.94,--,--,0.89,6.858,1.08,6.82,2552000,7,23.8,--
3048,1198,1202,1212,1194,1201.4099,342300,411243,1199,13.6,0,1.66,--,--,1.57,10.648,2.00,6.87,188146304,2254,87.5,--
3050,1060,1067,1072,1060,1062.9560,383800,407963,1067,10.0,0,2.64,--,--,0.72,6.587,--,--,142615404,1512,105.7,--
3053,1395,1400,1406,1390,1399.2069,173500,242762,1406,--,0,1.07,--,--,23.51,--,8.29,--,21070800,294,-118.8,--
3054,649,641,657,637,647.1366,95900,62060,638,17.6,0,1.38,--,--,2.02,7.287,2.22,8.46,8815200,57,36.9,--
3055,810,810,810,810,810.0000,200,162,780,11.2,0,1.85,--,--,0.36,4.181,--,--,24400000,198,72.2,--
3057,1043,1034,1043,1034,1038.0714,1400,1453,1034,14.0,0,0.47,--,--,4.32,32.357,7.06,44.61,4317700,45,74.1,--
3058,828,829,830,828,828.7000,3000,2486,829,--,0,--,--,1.38,--,1.22,0.40,7400000,61,-17.9,--
3059,918,916,920,916,917.0000,2400,2201,919,7.9,0,2.17,--,--,0.68,9.048,0.69,9.12,5155600,47,115,--
3063,722,720,725,720,721.5814,8600,6206,720,254.2,0,0.41,--,--,2.90,3.075,--,--,9366300,68,2.8,--
3064,3080,3080,3170,3040,3103.8022,1111200,3448945,3095,65.3,0,0.48,63.1,1.58,22.65,36.142,24.57,35.46,250619800,7719,47.2,48.8
3065,1794,0.00,1775,1794,1775,1779.7500,400,712,1794,--,0.55,103.5,0.96,1.31,1.732,1.31,1.73,3660400,66,17.3,17.3
3066,853,847,853,847,850.2692,2600,2211,850,275.1,0,0.29,--,--,5.09,3.858,6.12,6.04,7433500,63,3.1,--
3067,625,626,626,623,624.3750,2400,1499,628,51.1,0,0.80,--,--,2.96,5.463,3.04,6.47,8923800,56,12.2,--
3068,1785,1790,1790,1783,1786.9189,3700,6612,1790,113.0,0,0.67,--,--,4.74,15.970,--,--,6331920,113,15.8,--
3069,411,411,413,410,411.2721,13600,5593,412,107.5,0,0.97,--,--,1.68,--,1.51,--,41929936,172,3.8,--
3070,378,379,392,377,384.1751,21700,8337,374,10.0,0,--,--,1.14,--,1.17,--,1920000,7,37.6,--
3071,83,86,86,82,83.6319,680200,56886,86,24.1,0,--,--,1.34,--,1.63,--,28525000,24,3.4,--
3073,1483,1455,1508,1448,1485.9938,81100,120514,1450,18.0,0,0.60,--,--,3.46,19.048,8.95,41.65,15642720,232,82.3,--
3075,1252,1256,1262,1247,1253.8687,19800,24827,1256,--,0,0.47,33.8,2.95,2.56,7.853,2.57,7.85,14518000,182,36.9,36.9
3076,2045,2046,2046,2015,2036.4630,77100,157011,2035,16.4,0,2.20,--,--,2.03,11.891,3.73,2.96,56590410,1157,124.6,--
3077,621,619,621,616,618.4286,1400,866,617,--,0,1.12,20.7,4.82,1.49,10.661,1.49,10.66,5670000,35,30,30
3079,931,958,958,931,936.7931,2900,2717,957,--,0,2.57,16.4,6.06,1.35,13.133,1.35,13.13,11280000,105,56.4,56.4
3080,357,353,357,352,355.2653,9800,3482,353,13.0,0,2.52,--,--,1.15,12.076,1.22,12.20,12812000,46,27.3,--
3082,855,860,865,854,858.6588,17000,14597,860,38.8,0,0.87,--,--,4.81,--,4.74,2.24,10550400,90,22,--
3083,486,0.00,487,488,481,486.7778,1800,876,486,0,--,280.9,0.35,0.99,--,0.99,--,2882800,14,1.7,1.7
3085,1864,1871,1871,1852,1865.1439,265500,495196,1874,22.8,0,1.28,--,--,3.10,14.772,4.06,7.24,33096000,617,81.7,--
3086,1447,1435,1461,1433,1448.8763,612100,886857,1429,14.6,0,2.48,--,--,0.92,6.769,1.22,4.51,270565764,3915,98.6,--
3087,2224,2237,2243,2224,2231.1493,53600,119590,2239,15.1,0,1.52,--,--,0.93,5.968,1.51,2.25,50609761,1126,147.2,--
3088,4300,4280,4325,4265,4298.2072,298700,1283875,4255,16.9,0,1.62,--,--,2.01,12.093,--,--,109272214,4699,253.3,--
3089,1239,1237,1241,1237,1238.6023,8800,10900,1241,10.4,0,2.42,--,--,1.52,14.177,1.90,12.99,2316000,29,118.9,--
3091,2709,2686,2723,2679,2702.9623,37100,100280,2689,--,0,0.88,25.2,3.96,2.32,11.169,2.35,11.17,15079000,408,107.4,107.4
3092,2311,2289,2340,2277,2315.0868,2069900,4791998,2300,31.3,0,1.29,--,--,25.77,50.460,38.51,47.05,311644285,7202,73.7,--
3093,1156,1147,1170,1139,1159.5120,41800,48468,1146,20.8,0,1.47,--,--,2.91,13.737,3.15,12.47,11598800,134,55.3,--
3094,549,0.00,549,549,549,549.0000,1100,604,549,--,3.46,29.9,3.33,0.82,--,0.82,--,6334200,35,18.3,18.3
3096,899,0.00,902,902,898,900.3750,1600,1441,899,14.0,1.33,16.0,6.21,1.23,7.249,1.40,6.77,10833000,97,64,55.9
3097,8500,8510,8620,8480,8543.9823,33900,289641,8520,16.0,0,1.29,16.7,5.97,2.85,17.921,2.93,18.40,6022222,512,528.8,507.9
3098,6550,6560,6610,6530,6565.8228,23700,155610,6520,16.7,0,1.28,--,--,1.58,10.014,--,--,25472485,1668,391.3,--
3099,990,988,1004,986,994.1276,1758500,1748173,981,27.5,0,1.21,--,--,0.67,2.340,0.85,--,395948254,3920,35.9,--
3101,1600,1607,1617,1597,1603.8149,292300,468795,1592,10.1,0,2.50,--,--,0.82,--,0.90,--,89048792,1425,157.6,--
3103,357,0.00,352,360,351,356.9599,372000,132789,357,0,--,--,--,1.55,13.944,1.39,10.70,57776642,206,-2.1,--
3104,3335,3315,3370,3315,3344.8729,11800,39470,3315,14.6,0,2.99,--,--,1.13,7.818,1.59,5.69,11720000,391,227.1,--
3105,962,957,975,956,966.0832,490200,473574,958,64.0,0,3.11,--,--,0.66,--,1.11,--,178894764,1721,15,--
3106,2514,2487,2531,2487,2515.0000,15300,38480,2524,12.3,0,2.38,--,--,0.56,4.909,0.67,3.31,23156228,582,203.3,--
3107,5110,5120,5220,5080,5130.0284,105600,541731,5100,6.9,0,3.13,--,--,1.05,21.129,1.84,10.95,19271292,985,733.3,--
3109,931,937,938,931,934.0309,25900,24191,932,7.7,0,4.29,--,--,0.32,--,0.34,--,11810829,110,120.5,--
3110,3855,3905,3910,3840,3869.4571,109600,424093,3915,25.7,0,1.03,--,--,1.62,9.055,2.18,8.20,39935512,1540,149.5,--
3111,575,562,578,560,570.7565,19300,11016,560,131.8,0,--,--,0.92,--,0.75,--,8602459,38,4.4,--
3113,131,0.00,131,133,131,131.7988,82500,10873,131,11.7,3.81,--,--,1.16,--,0.89,--,53675037,70,11.2,--
3116,1701,1711,1715,1697,1704.8013,309000,526784,1694,12.7,0,3.29,--,--,1.08,9.601,--,--,187665738,3192,133.8,--
3121,301,301,303,299,300.1989,18600,5584,300,104.8,0,0.33,--,--,2.46,8.389,2.30,8.42,27881656,84,2.9,--
3123,448,448,448,447,447.9412,1700,762,447,--,0,3.12,--,--,0.42,--,0.52,--,14000000,63,-2.8,--
3125,700,--,679,700,679,694.8000,500,347,--,457.5,2.85,--,--,0.50,0.000,0.48,0.39,1959800,14,1.5,--
3131,1399,1419,1419,1381,1401.8537,4100,5748,1370,9.3,0,3.21,--,--,0.52,3.908,0.56,3.28,2110200,30,150.3,--
3132,1798,1761,1813,1758,1793.7653,215600,386736,1754,17.6,0,2.78,--,--,0.85,6.886,1.37,4.90,63030582,1133,101.9,--
3133,738,0.00,734,738,734,735.7500,800,589,738,0,--,--,--,42.73,--,42.73,--,3590400,26,-32.9,--
3134,1395,1375,1403,1359,1385.5900,232900,322704,1354,27.6,0,0.46,--,--,5.40,21.849,7.47,14.17,16100400,225,50.5,--
3135,3115,3115,3205,3055,3121.0624,83300,259985,3125,60.0,0,--,--,13.04,19.351,--,--,5208400,162,51.8,--
3136,755,745,755,736,741.0909,1100,815,745,--,0,--,--,3.60,3.119,2.35,0.36,879498,7,-88.7,--
3137,1183,1173,1193,1173,1184.6947,19000,22509,1171,--,0,0.25,15.1,6.58,2.62,17.615,2.62,17.62,6429000,76,77.9,77.9
3138,810,805,810,796,805.1034,2900,2335,799,25.3,0,--,--,2.07,--,2.26,17.62,3315620,27,32,--
3139,3520,3545,3565,3490,3524.4231,41600,146616,3555,17.9,0,0.62,20.6,4.83,2.31,13.180,2.67,12.26,9831200,346,196.6,170.1
3140,901,0.00,903,904,900,901.8148,5400,4870,901,51.6,0.44,--,--,3.14,4.101,--,--,14717350,133,17.4,--
3141,7110,6980,7110,6940,7048.9628,371200,2616575,6960,37.1,0,0.64,--,--,4.85,12.787,9.77,7.07,104816838,7452,191.6,--
3143,1370,1350,1381,1350,1366.3534,26600,36345,1349,9.5,0,2.91,--,--,1.51,16.727,1.63,15.45,3150000,43,142.9,--
3148,2709,2711,2729,2706,2714.4735,30200,81977,2718,16.6,0,1.40,--,--,2.18,13.289,4.42,14.01,66819342,1810,162.4,--
3150,1921,1948,1948,1921,1932.7030,10100,19520,1948,20.2,0,0.98,--,--,4.91,27.387,12.37,20.56,11645400,224,94.9,--
3151,1134,1134,1144,1130,1135.5767,101100,114807,1132,12.2,0,2.11,--,--,0.66,5.246,1.41,3.36,61224796,694,92.7,--
3153,888,888,895,884,889.4768,15100,13431,882,11.2,0,2.25,--,--,0.98,9.646,1.13,8.19,21782500,193,78.7,--
3154,814,823,823,811,816.1233,7300,5958,823,20.6,0,1.71,--,--,1.37,--,2.62,--,21789724,177,39.5,--
3156,1902,1875,1927,1867,1897.1149,94900,180036,1884,10.3,0,4.20,--,--,0.80,5.639,2.16,5.36,30072643,572,182.9,--
3157,1100,1090,1100,1090,1098.5385,2600,2856,1089,13.9,0,1.81,--,--,1.02,8.969,2.87,5.64,13767052,151,79.1,--
3159,376,378,378,373,376.0530,15100,5678,377,16.1,0,--,--,0.90,6.912,1.44,0.95,92554085,348,23.2,--
3160,720,720,723,719,720.9381,9700,6993,719,21.2,0,1.25,--,--,2.04,9.054,2.02,9.07,13450800,97,34,--
3161,588,581,588,578,582.8639,19100,11133,577,15.1,0,2.04,21.7,4.60,0.61,4.043,0.67,3.26,6085401,36,38.9,27.1
3166,1386,0.00,1350,1389,1350,1360.8043,4600,6260,1386,12.4,1.87,--,--,1.20,9.841,2.67,11.94,13610970,189,111.4,--
3167,1080,1089,1089,1079,1082.0666,96100,103987,1082,17.1,0,2.59,--,--,2.22,12.642,3.53,13.60,139679977,1509,62.8,--
3168,449,449,452,449,450.8333,5400,2435,451,25.4,0,3.34,--,--,0.86,--,0.87,--,14337200,64,17.7,--
3169,845,825,858,825,850.2549,51000,43363,825,17.1,0,0.59,--,--,3.83,14.118,4.75,32.05,7112400,60,49.2,--
3171,2329,2330,2330,2287,2319.6000,500,1160,2330,--,0,1.50,16.0,6.23,1.20,7.653,1.20,7.65,7580248,177,145.1,145.1
3172,857,857,862,857,858.1111,1800,1545,858,13.7,0,2.33,--,--,0.79,5.338,0.80,2.45,4250000,36,62.4,--
3173,819,810,820,810,815.2353,1700,1386,811,9.4,0,3.41,10.9,9.17,1.03,12.964,1.25,13.09,6868840,56,86.8,75.1
3174,999,1000,1000,999,999.3333,300,300,998,--,0,2.80,8.6,11.57,1.00,11.369,1.00,11.37,2532400,25,115.6,115.6
3175,517,519,520,516,518.5833,3600,1867,518,37.2,0,--,--,3.09,--,4.54,--,7427850,38,13.9,--
3176,2311,2322,2360,2311,2333.1138,32500,75826,2320,7.8,0,3.24,--,--,1.14,14.512,1.32,14.39,14503854,335,293.4,--
3177,2301,2289,2301,2289,2292.4286,700,1605,2286,8.2,0,3.91,8.4,11.81,1.09,6.666,1.11,6.67,953600,22,279.6,271.9
3178,2337,2349,2350,2336,2341.9532,17100,40047,2356,64.0,0,0.98,--,--,2.58,7.067,2.59,6.85,19340800,452,36.5,--
3179,1016,1030,1043,1008,1021.5294,258800,264372,1043,--,0,1.37,23.4,4.26,4.55,21.278,4.55,21.28,23959657,243,43.3,43.3
3180,1973,1925,1976,1910,1958.4837,76700,150216,1928,27.6,0,0.50,--,--,3.40,11.133,--,--,6376000,126,71.3,--
3181,620,620,625,620,622.0667,1500,933,616,--,0,30.4,3.28,0.59,0.655,0.59,0.66,1771800,11,20.3,20.3
3182,1379,1314,1386,1314,1360.0061,294300,400250,1305,47.2,0,--,--,3.47,21.199,3.74,19.50,34238068,472,29.2,--
3183,1511,1514,1524,1498,1514.3901,14100,21353,1514,23.8,0,2.18,--,--,2.20,14.151,2.58,14.00,30503310,461,63.4,--
3184,1631,1631,1631,1631,1631.0000,100,163,1627,4.3,0,3.06,21.9,4.55,0.60,14.825,1.26,5.81,2100000,34,376.7,74.3
3185,480,480,480,471,476.4865,7400,3526,476,21.3,0,--,--,--,--,--,--,11748000,56,22.5,--
3186,1156,1147,1159,1134,1151.0433,335000,385600,1149,21.2,0,0.34,24.9,4.01,3.22,17.601,4.84,18.42,75428200,872,54.4,46.4
3187,301,297,301,296,297.0678,5900,1753,297,--,0,0.99,248.7,0.40,2.40,2.463,2.40,2.46,17816200,54,1.2,1.2
3189,582,577,584,575,580.5946,3700,2148,580,20.4,0,1.03,--,--,1.51,3.540,1.50,3.69,4760000,28,28.4,--
3190,576,573,576,573,574.4615,1300,747,573,--,0,1.73,10.1,9.84,0.63,6.057,0.63,6.06,7275500,42,56.7,56.7
3191,1485,1495,1517,1482,1496.5690,94200,140977,1490,16.1,0,1.75,--,--,0.96,4.197,--,--,103225760,1533,92.1,--
3192,308,305,309,305,306.7167,6000,1840,307,--,0,0.32,205.3,0.48,0.75,--,0.75,--,6669700,21,1.5,1.5
3193,1961,1971,1981,1961,1969.8548,36500,71900,1980,--,0,0.40,50.0,1.99,3.48,--,3.48,--,11622300,228,39.2,39.2
3194,2104,2070,2117,2062,2100.4667,21000,44110,2081,13.8,0,1.80,--,--,1.52,10.289,--,--,11332206,238,151.9,--
3195,549,538,550,535,543.3562,23300,12660,538,446.3,0,--,--,2.85,8.612,2.83,8.19,8264440,45,1.2,--
3196,1274,1275,1278,1268,1273.6569,123000,156660,1270,42.1,0,0.39,--,--,3.99,--,6.63,--,21508600,274,30.2,--
3197,2165,2170,2175,2157,2168.4030,1183700,2566739,2172,38.8,0,0.87,--,--,3.20,8.874,--,--,197502200,4276,55.7,--
3198,2309,2317,2334,2287,2312.2678,47800,110526,2322,33.0,0,1.12,--,--,3.67,10.714,3.99,14.55,25774689,595,69.8,--
3199,2032,2050,2055,2031,2038.8409,13200,26913,2062,12.2,0,1.67,--,--,1.34,11.467,2.17,16.04,9882397,201,165.9,--
3201,1081,1090,1094,1081,1086.7143,151200,164311,1087,12.4,0,2.22,--,--,0.88,5.987,1.07,7.00,86478858,935,86.7,--
3202,85,85,86,84,85.0325,73900,6284,84,11.0,0,--,--,0.57,6.724,0.59,6.20,30000000,26,7.7,--
3204,544,548,549,540,544.1500,8000,4353,543,30.3,0,3.67,--,--,0.44,2.175,0.52,2.90,8940448,49,17.9,--
3205,279,280,281,279,279.6156,33300,9311,281,--,0,1.79,--,--,0.61,--,--,--,37696897,105,-4.6,--
3209,897,0.00,897,897,897,897.0000,9900,8880,897,0,--,14.8,6.75,0.92,5.869,0.92,5.87,1406620,13,60.6,60.6
3221,2834,2837,2840,2807,2824.7615,26000,73444,2842,--,0,0.84,18.0,5.52,3.92,25.186,3.92,25.19,10318200,292,156.6,156.6
3222,978,980,982,973,977.8577,97000,94852,981,23.2,0,1.63,--,--,0.88,3.778,0.99,1.75,131681356,1288,42.1,--
3223,1092,1085,1097,1067,1084.2727,5500,5964,1085,--,0,325.9,0.30,4.74,--,4.74,--,1491264,16,3.4,3.4
3224,1193,1199,1205,1193,1198.7179,3900,4675,1199,364.8,0,--,--,28.33,--,--,--,2754900,33,3.3,--
3226,686000,684000,686000,678000,682883.9128,1697,1158854,690000,--,0,2.87,34.8,2.87,2.35,--,2.35,--,484522,3324,19697.8,9848.9
3227,118800,120700,120700,117700,118759.2650,12871,1528551,120500,--,0,3.29,32.1,3.11,1.48,--,1.48,--,1777125,2111,3700.4,1850.2
3228,1615,1591,1616,1591,1607.3711,25600,41149,1589,5.2,0,2.97,--,--,0.82,15.494,--,--,21217600,343,306.4,--
3231,2582,2601,2614,2576,2592.5172,845300,2191455,2573,10.2,0,3.09,--,--,0.88,8.922,--,--,192608201,4973,251.8,--
3232,604,612,612,604,606.8134,26800,16263,612,13.0,0,1.65,--,--,1.17,9.830,2.90,9.78,107301583,648,46.3,--
3234,175400,177800,177800,174300,175416.6667,4362,765168,177800,--,0,3.26,30.6,3.26,1.68,--,1.68,--,1874960,3289,5721.7,2860.9
3236,205,201,207,198,202.8728,379800,77051,201,--,0,0.97,11.3,8.77,1.42,22.988,1.62,22.99,28297915,58,18,18
3237,125,125,128,123,124.8931,487200,60848,126,38.5,0,--,--,1.68,1.843,1.69,--,37131000,46,3.2,--
3238,334,333,334,330,332.1132,15900,5281,331,3.4,0,3.59,--,--,0.45,13.577,0.49,14.26,7747000,26,96.9,--
3241,366,370,370,365,367.1125,8000,2937,367,9.8,0,3.68,--,--,1.53,13.104,3.52,10.32,11345000,42,37.3,--
3242,411,410,411,409,410.0390,30800,12629,409,7.1,0,5.83,--,--,1.23,16.583,1.26,16.71,25158100,103,57.6,--
3244,2128,2126,2142,2117,2129.9561,321000,683716,2129,9.1,0,3.61,--,--,1.23,16.884,1.50,25.84,40946240,871,232,--
3245,581,580,598,580,587.6151,506900,297862,573,8.3,0,4.81,--,--,1.72,18.603,1.84,18.54,40802700,237,69.7,--
3246,787,786,789,785,787.0781,6400,5037,786,8.6,0,4.19,--,--,1.16,15.153,--,--,10368000,82,90.6,--
3248,662,661,664,660,662.8846,2600,1724,661,8.0,0,3.77,--,--,0.64,12.740,0.69,12.84,3181000,21,82,--
3249,170500,173400,173400,169100,170089.5944,8284,1409022,173500,--,0,3.61,27.6,3.61,2.15,--,2.15,--,1794016,3059,6164.9,3082.5
3250,31,0.00,30,31,30,30.4216,78619800,2391744,31,20.8,6.45,--,--,0.89,6.002,--,--,392898648,122,1.5,--
3252,1571,1572,1585,1565,1574.8408,31400,49450,1574,9.2,0,3.50,--,--,1.35,12.820,1.68,16.88,18285800,287,169.5,--
3254,1730,1690,1733,1680,1707.7032,452800,773248,1727,5.0,0,3.00,6.0,16.63,1.02,22.053,1.34,19.08,64022481,1108,340.7,287.9
3258,4915,4960,4980,4915,4936.5419,121600,600284,4960,5.9,0,--,--,1.33,11.912,2.23,4.84,34220700,1682,829.9,--
3260,502,500,502,500,500.2857,700,350,497,26.6,0,28.7,3.48,0.66,--,0.67,2.74,1524000,8,18.8,17.5
3261,533,534,534,529,532.3951,8100,4312,534,7.0,0,2.62,--,--,1.05,15.930,1.14,15.78,3837900,20,75.4,--
3264,211,213,217,211,213.2208,144500,30810,213,41.2,0,--,--,1.07,3.412,1.07,3.27,58948922,124,5.1,--
3266,106,104,106,104,105.6239,69400,7330,104,28.3,0,0.94,--,--,1.84,--,2.10,1.11,37492371,40,1.9,--
3267,3825,3750,3840,3750,3806.7435,34700,132094,3780,34.0,0,--,--,8.18,23.400,12.08,27.95,5778000,221,112.5,--
3269,352000,354000,354000,348500,351205.5540,3673,1289978,354000,--,0,3.09,31.5,3.16,2.21,--,2.21,--,1385000,4875,11139.4,5569.7
3271,468,469,475,468,471.0426,25800,12153,469,12.6,0,5.34,--,--,0.77,6.710,--,--,13557400,63,37,--
3275,1544,1575,1575,1544,1554.1923,2600,4041,1570,12.8,0,2.33,12.9,7.69,1.99,15.617,1.98,15.62,7790000,120,119.7,118.8
3276,1352,1339,1361,1339,1352.0000,69200,93558,1340,15.8,0,2.58,20.3,4.91,4.23,37.882,5.04,33.46,19025600,257,85.2,66.4
3277,853,850,866,850,855.4268,31400,26860,856,6.9,0,2.69,6.9,14.34,0.78,11.901,0.79,12.41,8456300,72,122,122.4
3278,212600,215000,216100,210900,212812.6111,3037,646312,215000,--,0,3.82,27.5,3.62,1.62,--,1.62,--,907458,1929,7713.9,3856.9
3279,577000,577000,579000,572000,575430.5718,4285,2465720,580000,--,0,3.47,28.7,3.47,1.73,--,1.73,--,771224,4450,20035.7,10017.8
3280,794,796,796,792,794.5000,1800,1430,795,5.3,0,1.76,--,--,0.81,15.963,--,--,6167000,49,148.2,--
3281,139900,140000,141100,138900,139745.3136,19162,2677800,141000,--,0,3.67,30.7,3.25,1.68,--,1.68,--,3833420,5363,4551,2275.5
3282,347500,350000,350000,343500,347089.7018,2146,744855,351000,--,0,2.96,34.1,2.92,1.88,--,1.88,--,640834,2227,10171.1,5085.6
3283,297900,299700,300000,295900,297730.4761,10628,3164280,302500,--,0,3.02,38.2,2.61,2.06,--,2.06,--,2349150,6998,7795.2,3897.6
3284,698,697,704,695,698.5490,119300,83337,700,8.1,0,5.01,--,--,0.90,7.419,--,--,57554275,402,86,--
3286,377,375,377,375,376.7000,1000,377,373,6.4,0,4.35,--,--,2.56,28.365,1.37,22.41,5204500,20,58.5,--
3287,573000,575000,575000,568000,571889.2045,1056,603915,576000,--,0,4.57,21.8,4.57,1.20,--,1.20,--,221862,1271,26214.5,13107.3
3288,3515,3495,3535,3440,3502.1517,692000,2423489,3485,8.8,0,2.27,--,--,2.82,32.311,11.37,52.87,115237000,4051,398.9,--
3289,700,716,716,699,707.0893,3188200,2254342,717,12.9,0,2.28,--,--,0.87,7.276,1.70,6.38,719830974,5039,54.2,--
3290,342000,343500,345000,340000,342327.9302,802,274547,345000,--,0,4.49,22.2,4.49,1.54,--,1.54,--,239908,820,15372.6,7686.3
3291,1892,1915,1915,1889,1897.8926,982700,1865059,1932,8.3,0,3.27,--,--,0.70,8.921,--,--,294431639,5571,227.1,--
3292,148800,148800,150000,147100,148574.7899,5236,777938,149300,--,0,4.06,24.5,4.06,1.40,--,1.40,--,1873317,2787,6055.6,3027.8
3293,1686,1671,1686,1671,1681.8750,2400,4037,1685,7.7,0,4.74,7.8,12.78,0.46,6.901,0.47,6.90,4031700,68,216.6,215.6
3294,773,775,776,772,773.5673,10400,8045,772,--,0,4.91,6.7,14.89,0.69,7.403,0.69,7.40,6362000,49,115.2,115.2
3295,202600,204800,205400,201200,202552.7551,5027,1018233,205600,--,0,3.41,29.2,3.41,1.59,--,1.59,--,1312000,2658,6920.7,3460.4
3296,496000,497500,497500,493000,495202.3364,1070,529867,500000,--,0,3.52,28.3,3.52,1.70,--,1.70,--,449930,2232,17473.8,8736.9
3297,1051,1052,1053,1051,1052.1429,700,737,1050,--,0,2.85,6.3,15.78,0.97,14.743,0.96,14.74,2712400,29,165.9,165.9
3298,20940,21120,21150,20800,20906.7409,34037,711603,21180,--,0,3.59,27.8,3.58,1.69,--,1.69,--,8899256,1864,751.3,375.6
3299,702,712,713,701,705.2357,115400,81384,713,8.7,0,4.27,--,--,0.75,16.285,0.80,16.21,24361000,171,80.4,--
3300,998,989,1000,985,994.8585,20500,20395,989,7.3,0,2.50,--,--,2.76,32.783,4.56,8.23,6804400,68,136.5,--
3302,2064,2037,2085,2037,2065.2667,40500,83643,2028,15.9,0,1.93,--,--,1.08,7.118,1.30,6.69,27218400,562,129.4,--
3306,334,0.00,333,334,333,333.1667,600,200,334,76.6,0.59,36.0,2.77,0.90,0.000,1.70,0.14,3673320,12,4.4,9.3
3308,215000,215500,216800,213400,214833.3874,617,132552,217900,--,0,3.93,32.0,3.11,1.55,--,1.55,--,74632,160,6699.5,3349.8
3309,96700,96600,96900,95500,96400.4103,15353,1480036,96800,--,0,3.28,31.2,3.19,1.68,--,1.68,--,4288666,4147,3094.2,1547.1
3315,82,0.00,82,83,82,82.0389,293100,24046,82,0,--,--,--,0.51,6.758,0.52,6.35,302349449,248,0,--
3316,593,592,594,591,591.9600,2500,1480,595,--,0,3.20,9.6,10.39,1.20,13.202,1.20,13.20,6300000,37,61.7,61.7
3317,1587,1611,1611,1586,1588.7143,1400,2224,1586,--,0,1.89,16.6,6.01,1.19,15.466,1.19,15.47,1449168,23,95.5,95.5
3319,650,647,660,647,649.3098,68100,44218,652,26.9,0,1.46,--,--,1.94,6.216,1.88,7.15,18274000,119,24.1,--
3320,697,681,697,681,689.2198,9100,6272,681,14.5,0,1.43,--,--,0.44,2.745,0.43,3.61,7718800,54,47.7,--
3321,783,776,788,776,782.5584,15400,12051,778,7.7,0,3.83,--,--,0.68,11.120,0.92,8.44,7906000,62,101.2,--
3322,--,--,--,--,--,--,--,--,1586,8.0,0.94,34.7,2.87,1.08,3.951,2.63,11.82,3481200,55,197.1,45.6
3323,133,136,137,133,134.2448,965700,129640,135,20.9,0,1.50,--,--,2.58,10.254,2.43,7.46,70862500,94,6.3,--
3326,872,0.00,873,880,872,874.7895,1900,1662,872,22.5,1.14,--,--,0.90,1.766,--,--,2070900,18,38.6,--
3328,1707,1675,1736,1649,1703.3930,624700,1064110,1663,11.3,0,1.05,--,--,2.39,12.872,--,--,12332600,211,150.8,--
3329,1604,1609,1609,1604,1607.3684,3800,6108,1610,--,0,0.74,36.0,2.77,2.46,5.386,2.45,5.39,8186400,131,44.5,44.5
3333,1270,1248,1277,1247,1268.6049,148300,188134,1245,--,0,1.25,12.2,8.15,1.18,9.393,1.18,9.39,26240800,333,103.5,103.5
3341,3890,3865,3920,3865,3896.6038,10600,41304,3905,14.5,0,1.28,--,--,1.36,9.179,1.88,7.58,16024000,623,268.1,--
3344,738,737,739,727,733.1266,7900,5792,726,7.1,0,--,--,0.92,--,1.02,--,7559184,56,103.4,--
3346,125,128,129,124,126.4387,26900,3401,129,--,0,--,--,6.85,--,--,--,8285253,10,-14,--
3347,207,205,209,205,206.2979,9400,1939,205,10.7,0,1.93,--,--,0.78,5.531,1.45,--,28150000,58,19.3,--
3349,23270,22910,23310,22900,23125.1179,84800,1961010,22960,24.0,0,0.42,--,--,3.53,16.315,3.65,16.33,20000400,4654,969.2,--
3350,115,113,115,113,113.8765,42100,4794,114,65.3,0,--,--,1.13,5.846,1.06,29.56,56809487,65,1.8,--
3352,1300,1305,1311,1267,1292.9839,6200,8017,1298,--,0,3.07,8.6,11.61,0.56,7.031,0.56,7.03,2253374,29,150.9,150.9
3353,--,--,--,--,--,--,--,--,--,20.7,0.91,--,--,1.68,7.543,2.05,8.68,2035000,177,419.7,--
3355,859,836,865,835,853.6451,109900,93816,836,7.9,0,2.32,--,--,0.77,8.421,3.85,13.33,22300200,192,107.7,--
3356,791,780,791,779,785.8959,68200,53598,790,72.8,0,0.63,--,--,6.25,18.809,9.46,15.13,16580000,131,10.9,--
3358,294,283,325,283,308.7824,996900,307825,279,--,0,162.4,0.61,0.77,--,0.77,--,3873000,11,1.8,1.8
3359,294,298,298,294,294.8357,21300,6280,296,15.8,0,1.36,--,--,1.17,8.605,1.48,6.58,11037513,32,18.6,--
3360,4765,4725,4820,4715,4771.5955,323400,1543134,4715,19.2,0,1.57,--,--,2.28,11.506,5.01,11.44,50834700,2422,247.7,--
3361,795,805,805,789,800.0484,6200,4960,805,14.3,0,1.88,--,--,1.02,7.412,1.08,6.97,20415040,162,55.5,--
3370,1400,1333,1410,1331,1380.1039,86600,119517,1317,--,0,229.5,0.43,--,--,--,--,1733500,23,6.1,6.1
3371,1826,1822,1847,1812,1831.0317,12600,23071,1805,19.6,0,1.09,--,--,2.46,13.013,4.48,8.64,13775139,252,93.1,--
3372,414,412,414,411,412.7115,5200,2146,411,63.3,0,--,--,6.67,0.310,4.65,3.28,12558900,52,6.5,--
3374,1605,1525,1625,1525,1582.5926,8100,12819,1525,15.6,0,1.61,--,--,0.83,7.481,0.98,6.62,2935491,47,102.3,--
3375,--,--,--,--,--,--,--,--,802,--,3.74,9.3,10.71,0.62,6.026,0.62,6.03,2296500,18,86,86
3376,801,805,805,801,801.9831,5900,4732,804,6.8,0,4.36,--,--,0.57,7.543,0.66,6.51,5972000,48,117.1,--
3377,189,0.00,189,190,189,189.4000,6000,1136,189,--,2.11,26.3,3.78,0.67,2.240,0.67,2.24,15315600,29,7.2,7.2
3382,4128,4078,4158,4075,4126.0429,1605800,6625600,4070,17.3,0,2.30,--,--,1.44,8.204,2.47,6.13,886441983,36592,237.9,--
3384,475,475,477,475,475.5833,1200,571,473,6.3,0,--,--,2.99,58.862,2.67,15.51,1970000,9,74.3,--
3386,1109,1097,1110,1096,1102.5255,13700,15105,1106,26.2,0,1.26,--,--,0.97,4.011,--,--,6048000,67,42.2,--
3387,1889,0.00,1886,1899,1876,1890.2091,116200,219642,1889,47.6,0.63,--,--,9.92,7.680,13.15,51.85,94722642,1789,39.6,--
3388,1514,1515,1526,1506,1514.4821,5600,8481,1515,7.0,0,4.29,--,--,0.79,15.517,0.89,15.84,12067120,183,213.7,--
3390,70,71,72,70,70.8575,35100,2487,71,--,0,--,--,13.86,--,11.72,--,59953925,42,-4.3,--
3391,13010,12850,13100,12830,12997.1659,154900,2013261,12870,24.1,0,1.13,--,--,2.97,12.544,--,--,49257068,6408,539.6,--
3392,679,0.00,680,682,679,680.0116,25900,17612,679,16.0,1.47,--,--,1.25,5.966,2.48,3.59,14872000,101,42.4,--
3393,637,644,649,634,641.6970,9900,6353,638,21.5,0,1.41,--,--,1.31,6.829,1.58,11.95,10240400,65,29.6,--
3395,2358,2372,2385,2355,2364.6815,63100,149211,2375,17.0,0,2.62,15.7,6.36,1.05,6.172,1.64,7.25,22777370,537,138.1,150.2
3396,1058,1053,1062,1047,1055.3333,4500,4749,1053,40.1,0,0.47,--,--,0.43,4.234,0.43,4.23,10043500,106,26.3,--
3397,3120,3080,3125,3075,3106.7301,223400,694044,3080,50.9,0,0.40,--,--,3.87,0.760,--,--,43540576,1358,61.2,--
3399,1926,1888,1935,1888,1914.4831,8900,17039,1870,--,0,0.72,18.5,5.38,3.01,2.135,3.01,2.14,2469000,48,103.7,103.7
3401,2057,2051,2068,2044,2055.9929,789400,1623001,2053,11.6,0,2.91,--,--,0.97,11.213,1.58,12.95,197953707,4072,177.2,--
3402,745.3,740.4,750.7,739.4,745.6466,6741600,5026851,738.0,14.3,0,2.14,--,--,1.06,7.145,1.81,10.01,1631481403,12159,51.9,--
3405,1303,1297,1315,1294,1306.2678,809300,1057163,1300,15.7,0,3.22,--,--,0.83,6.033,1.16,5.43,354863603,4624,82.9,--
3407,1210.0,1200.0,1223.0,1199.0,1211.7200,3636200,4406056,1185.0,11.7,0,2.97,--,--,1.20,11.054,2.15,11.62,1393932032,16867,103.1,--
3408,1769,1773,1777,1759,1766.3509,5700,10068,1777,4.7,0,3.39,--,--,0.53,11.468,--,--,6436258,114,374.3,--
3409,2960,3030,3085,2960,3022.5926,2700,8161,3030,--,0,--,--,6.93,--,6.93,--,1291100,38,-32.4,--
3415,750,721,754,717,740.2103,607100,449382,710,--,0,27.8,3.58,6.56,21.163,6.56,21.16,47614800,357,26.9,26.9
3416,1559,1531,1559,1531,1546.6129,3100,4795,1535,31.3,0,--,--,4.65,2.996,4.02,16.24,2252940,35,49.7,--
3417,1011,1029,1030,1011,1026.2667,1500,1539,1012,6.6,0,1.78,--,--,0.78,12.001,1.56,2.94,14072100,142,152,--
3418,1193,1180,1198,1175,1187.6489,13100,15558,1180,25.0,0,0.62,34.2,2.92,3.58,10.877,3.57,11.49,8700280,104,47.6,34.8
3419,1350,1369,1369,1350,1358.4000,500,679,1343,101.5,0,--,--,3.32,2.378,3.57,2.38,1128400,15,13.3,--
3420,1855,0.00,1856,1865,1850,1858.5217,6900,12824,1855,7.1,3.23,7.8,12.81,0.94,11.393,1.01,11.36,7378050,137,258.2,237.8
3421,1454,1456,1456,1443,1452.3729,5900,8569,1456,19.2,0,1.78,--,--,0.66,2.786,0.68,2.62,17922429,261,75.7,--
3422,670,672,672,662,667.5333,3000,2003,672,3.9,0,1.19,--,--,0.75,28.172,1.80,53.60,11857200,79,168.7,--
3423,326,326,329,326,326.7778,27900,9117,327,14.3,0,3.06,--,--,1.15,8.223,1.60,5.20,31256600,102,22.6,--
3424,--,--,--,--,--,--,--,--,934,--,2.67,9.3,10.74,0.67,4.330,0.67,4.33,4587836,43,100.3,100.3
3426,1495,1466,1495,1422,1457.2727,1100,1603,1464,--,0,2.17,18.0,5.53,0.66,4.950,0.66,4.95,4105000,61,82.7,82.7
3431,2090,2094,2103,2070,2090.8000,34500,72133,2102,6.4,0,2.87,--,--,0.56,15.809,1.49,3.56,6919454,145,323.3,--
3433,1095,1084,1105,1079,1092.9133,176500,192899,1089,17.0,0,2.28,--,--,1.72,15.169,1.90,14.66,63200000,692,64.2,--
3434,1311,1303,1323,1302,1312.1975,8100,10629,1302,5.8,0,3.05,--,--,0.45,7.742,0.65,11.52,10200000,134,225.1,--
3435,998,986,998,986,994.4000,500,497,986,8.4,0,2.60,--,--,0.66,8.045,--,--,8745408,87,118,--
3436,1658,1640,1683,1636,1664.5296,7481300,12452845,1662,15.1,0,2.11,--,--,1.65,22.264,2.10,19.46,293285539,4863,109.5,--
3437,5020,5000,5020,5000,5004.0000,500,2502,5010,8.7,0,1.39,--,--,0.76,11.359,0.81,11.15,801000,40,573,--
3439,2050,--,2051,2066,2050,2054.2500,400,822,--,14.8,2.68,--,--,0.61,5.691,--,--,2652020,54,137.9,--
3440,830,827,835,827,831.7273,5500,4575,829,5.4,0,3.01,--,--,0.58,15.428,0.61,12.98,7360000,61,152.5,--
3441,693,0.00,697,698,692,695.2564,3900,2712,693,0,319.3,--,--,0.74,--,--,--,5000000,35,2.2,--
3442,--,--,--,--,--,--,--,--,740,0,4.4,--,--,0.72,19.583,0.90,0.00,1209000,9,166.1,--
3443,6760,6550,6770,6550,6687.9808,20800,139110,6570,9.2,0,1.18,--,--,0.71,11.812,1.68,4.33,5913370,400,731.8,--
3444,735,724,750,724,734.6038,10600,7787,723,57.2,0,1.36,36.4,2.74,1.03,11.558,1.02,12.09,12337700,91,12.8,20.2
3445,3660,3535,3710,3520,3640.8977,128100,466399,3575,12.9,0,0.27,--,--,2.36,30.574,2.79,18.64,12829300,470,282.3,--
3446,3375,3325,3390,3325,3351.7969,6400,21452,3360,--,0,94.8,1.05,8.39,14.586,8.06,14.59,5846000,197,35.6,35.6
3447,1065,1068,1069,1061,1065.0202,19800,21087,1063,10.6,0,4.13,--,--,1.13,10.722,--,--,13988800,149,100.1,--
3448,--,--,--,--,--,--,--,--,--,523.1,0.42,--,--,1.61,1.642,--,--,300000,11,6.7,--
3451,134000,135600,136300,133300,134306.4246,1432,192327,136600,--,0,5.19,23.4,4.27,1.48,--,1.48,--,335015,449,5725.1,3388.5
3452,1891,1864,1897,1864,1885.8358,26800,50540,1877,6.3,0,2.64,--,--,2.34,39.266,2.53,39.25,8230200,156,295.8,--
3453,278700,279500,280200,276200,278185.6970,2482,690457,280300,--,0,4.66,21.4,4.65,1.28,--,1.28,--,536177,1494,12984.5,6492.3
3454,1296,1288,1298,1260,1285.3925,96300,123783,1288,9.0,0,1.62,--,--,1.26,22.284,1.55,26.41,14445000,187,142.7,--
3455,133100,134100,134200,130600,132931.4891,1699,225851,135200,--,0,4.96,22.0,4.53,1.23,--,1.23,--,311001,414,6038.6,3019.3
3456,--,--,--,--,--,--,--,--,--,0,--,4.7,20.92,0.51,10.730,0.51,10.73,468500,2,106.7,106.7
3457,1575,1599,1600,1574,1584.1004,78700,124669,1609,14.0,0,2.15,--,--,2.91,19.199,2.97,16.84,19462000,307,111.9,--
3458,1061,1066,1069,1052,1061.9863,7300,7753,1064,20.4,0,2.07,--,--,1.52,4.054,1.58,3.60,26171300,278,51.8,--
3459,117100,117200,118100,116300,117045.8613,894,104639,117700,--,0,4.82,24.0,4.15,1.51,--,1.51,--,592600,694,4870.1,2435
3461,1044,1058,1085,1037,1055.1780,35400,37353,1085,--,0,1.14,17.4,5.72,3.32,18.758,3.32,18.76,6209600,65,59.8,59.8
3462,200300,202200,202300,198000,199919.0797,12453,2489592,202900,--,0,3.24,38.0,2.62,1.51,--,1.51,--,4547300,9108,5267.3,2633.7
3463,134200,134500,134600,132200,133826.6914,1345,179997,134900,--,0,7.00,14.2,7.00,1.05,--,1.05,--,254974,342,9397,4698.5
3464,1147,1164,1164,1133,1147.9444,9000,10332,1165,--,0,2.00,8.6,11.52,1.36,19.114,1.36,19.11,7147800,82,132.2,132.2
3465,2003,2015,2018,1992,2003.6215,17700,35464,2004,7.4,0,4.19,9.1,10.90,1.68,23.949,1.89,20.99,14232500,285,267.8,218.4
3466,162600,161300,162900,159300,161573.0630,10209,1649499,162300,--,0,4.43,23.7,4.21,1.81,--,1.81,--,1363000,2216,6849.6,3424.8
3467,507,508,508,505,506.3091,5500,2785,508,--,0,3.55,8.5,11.72,1.13,9.596,1.13,9.60,5701200,29,59.5,59.5
3468,114800,115000,115700,114400,114903.1051,2673,307136,115000,--,0,4.82,21.5,4.64,1.13,--,1.13,--,540824,621,5328.9,2664.4
3469,512,510,513,507,510.1321,5300,2704,513,8.4,0,2.14,--,--,0.99,10.711,--,--,3430500,18,60.6,--
3470,134300,133800,134700,132500,134033.1699,612,82028,133700,--,0,5.06,23.1,4.32,1.41,--,1.41,--,132340,178,5803.2,2901.6
3471,468000,463000,469500,458000,466007.6354,2161,1007043,463500,--,0,2.79,40.0,2.49,1.62,--,1.62,--,379000,1774,11683.4,5841.7
3472,98300,0.00,98600,98600,97900,98267.2529,1649,162043,98300,--,4.84,20.7,4.81,1.09,--,1.09,--,235347,231,4733.4,2366.7
3473,94600,94200,95100,94200,94557.7922,1078,101933,94900,--,0,4.28,23.3,4.28,1.04,--,1.04,--,333001,315,4054,2027
3474,380,0.00,380,381,379,379.9474,3800,1444,380,0,47.0,--,--,1.50,8.999,1.52,9.05,6742000,26,8.1,--
3475,1819,1776,1822,1775,1805.6259,58000,104726,1788,11.7,0,2.58,--,--,1.98,22.319,2.08,22.22,7345000,134,154.7,--
3476,61200,61400,62200,60700,61217.4320,11215,686554,61400,--,0,5.09,19.6,5.09,1.36,--,1.36,--,1581640,968,3119.6,1559.8
3477,1048,1033,1048,1028,1036.1400,5000,5181,1044,--,0,2.86,8.7,11.45,0.86,5.828,0.86,5.83,2000000,21,120,120
3478,143400,142000,144600,142000,143436.8238,2015,289025,142400,--,0,4.75,21.0,4.75,1.38,--,1.38,--,500000,717,6820,3410
3479,4890,4800,4890,4765,4850.2632,127300,617439,4800,64.1,0,--,--,15.69,19.609,17.55,23.38,38053275,1861,76.3,--
3480,4395,4400,4495,4380,4425.6190,10500,46469,4370,10.3,0,0.93,--,--,1.41,18.988,--,--,4837500,213,425.7,--
3481,353500,354500,356500,351500,353799.1249,1257,444726,357000,--,0,3.30,33.5,2.97,1.74,--,1.74,--,305815,1081,10522.7,5261.4
3482,872,850,876,850,865.2574,81600,70605,855,11.2,0,1.31,--,--,2.54,26.044,3.22,25.20,21384000,186,77.6,--
3483,--,--,--,--,--,--,--,--,--,0,--,39.5,2.52,3.65,--,3.65,--,475000,7,37.9,37.9
3484,1835,1800,1860,1777,1823.4814,222700,406089,1780,--,0,0.76,30.0,3.33,7.26,27.997,7.26,28.00,8912200,164,61.1,61.1
3486,660,667,672,660,665.2166,15700,10444,670,6.2,0,1.89,--,--,1.35,27.645,1.73,25.55,7562240,50,105.8,--
3487,136300,136300,136900,135500,136225.0252,991,134999,137600,--,0,4.38,25.9,3.84,1.43,--,1.43,--,259250,353,5245.9,2622.9
3488,131700,132000,132400,131200,131585.8862,914,120270,132400,--,0,4.46,22.3,4.46,1.26,--,1.26,--,223400,294,5881.8,2940.9
3489,1201,1199,1205,1196,1200.5400,5000,6003,1198,--,0,2.49,8.3,12.03,1.65,17.821,1.65,17.82,4980000,60,144.6,144.6
3490,1358,1355,1358,1355,1355.2727,1100,1491,1330,--,0,8.9,11.22,0.93,17.307,0.93,17.31,951000,13,152.5,152.5
3491,3960,4000,4050,3920,3979.7642,74200,295299,3975,57.1,0,48.8,2.04,6.98,28.787,15.34,28.79,9432855,374,69.3,81.1
3492,119600,120600,120600,118900,119534.1083,3269,390757,120800,--,0,6.05,16.5,6.05,1.64,--,1.64,--,462500,553,7238.9,3619.5
3493,117400,118300,118400,116600,117399.9058,1062,124679,118700,--,0,4.03,28.2,3.54,1.16,--,1.16,--,357143,419,4160.8,2080.4
3494,1321,1320,1321,1309,1318.5714,700,923,1315,--,0,2.27,9.4,10.63,0.57,6.291,0.57,6.29,1602200,21,140.5,140.5
3495,1400,1381,1400,1374,1388.9412,1700,2361,1381,4.4,0,3.28,--,--,0.62,13.314,0.64,14.43,1305300,18,317.2,--
3496,2618,2578,2643,2578,2614.7534,7300,19088,2577,--,0,27.9,3.58,4.28,6.485,4.28,6.49,1461000,38,93.8,93.8
3497,1181,1189,1189,1168,1175.7538,6500,7642,1189,--,0,0.42,4.4,22.34,0.93,25.393,0.93,25.39,2903200,34,263.9,263.9
3498,5970,6050,6070,5950,6005.8935,26300,157955,5950,18.8,0,--,--,11.94,--,11.96,39.33,3113200,186,316.4,--
3501,2853,2848,2868,2848,2857.3448,5800,16573,2860,14.4,0,2.45,--,--,0.62,1.444,0.75,3.86,7682162,219,197.8,--
3504,799,0.00,799,799,794,796.7500,1200,956,799,21.2,3.75,--,--,0.27,1.782,--,--,16579060,132,37.7,--
3512,500,500,500,498,499.4493,6900,3446,498,19.1,0,2.60,--,--,0.59,3.039,0.61,3.20,19842089,99,26.1,--
3513,1508,1517,1517,1501,1505.1667,2400,3612,1516,23.7,0,4.31,--,--,0.38,1.974,0.39,1.93,4967151,75,63.4,--
3515,--,--,--,--,--,--,--,--,--,--,2.34,--,--,0.30,--,0.30,--,1000000,28,-75.1,--
3521,137,0.00,137,138,136,136.9577,75600,10354,137,0,39.0,48.7,2.05,1.51,4.844,1.63,0.34,42728733,59,3.5,2.8
3524,1595,1602,1603,1593,1596.7778,1800,2874,1602,5.1,0,3.13,6.8,14.51,0.74,10.844,0.85,10.59,2605000,42,308.6,231.5
3526,1386,1404,1404,1386,1392.3409,4400,6126,1400,4.3,0,2.16,--,--,0.50,8.313,0.66,2.02,6056939,84,316.5,--
3528,29,27,30,26,27.8572,11094500,309062,27,126.0,0,3.44,--,--,0.85,--,0.84,--,447090984,130,0.2,--
3529,812,819,821,812,816.0599,26700,21789,818,32.5,0,3.69,--,--,0.30,--,0.30,--,17319568,141,24.9,--
3536,109,108,111,108,109.3251,69200,7565,108,42.9,0,0.91,--,--,2.33,--,--,--,32258453,35,2.5,--
3537,1135,1130,1135,1120,1127.2500,800,902,1130,17.5,0,1.58,--,--,0.52,3.455,0.50,3.89,3579105,41,64.8,--
3538,875,863,879,850,868.9504,12100,10514,863,9.4,0,1.60,32.9,3.03,1.44,14.294,5.96,11.04,9752000,85,93,26.6
3539,2105,2100,2131,2076,2103.9141,45400,95518,2118,17.5,0,0.95,--,--,2.17,11.301,2.84,9.53,26679500,562,120.1,--
3540,3075,3120,3155,3065,3108.7821,7800,24249,3100,21.1,0,0.47,--,--,2.89,14.781,--,--,10000000,308,145.5,--
3541,543,541,545,536,539.3093,108000,58245,550,--,0,325.1,0.30,19.13,0.668,18.73,3.68,21005000,114,1.7,1.7
3542,536,536,542,535,537.7308,2600,1398,535,--,0,--,--,1.52,--,1.52,--,10374800,56,-9.7,--
3543,2100,2116,2117,2099,2106.4464,125000,263306,2111,18.1,0,2.42,--,--,3.05,18.037,--,--,46044000,967,115.4,--
3544,1794,1779,1799,1779,1791.3913,2300,4120,1777,82.4,0,1.56,--,--,1.02,0.348,--,--,4742000,85,21.8,--
3545,439,439,439,439,439.0000,24500,10756,359,--,0,23.1,4.31,1.10,1.106,1.10,1.11,9140000,40,19,19
3546,845,841,854,841,847.1538,11700,9912,841,11.8,0,3.07,--,--,1.30,--,--,--,30151317,255,71.3,--
3547,2588,2568,2597,2560,2579.8468,60700,156597,2568,53.9,0,1.15,--,--,8.88,--,9.86,18.49,9200520,238,48,--
3548,924,934,936,922,928.1917,67800,62931,934,11.4,0,4.11,--,--,1.75,--,--,--,36676300,339,80.5,--
3549,8850,8860,8900,8800,8848.4510,51000,451271,8830,25.3,0,0.22,--,--,4.92,21.586,8.31,4.20,31531560,2791,348.9,--
3550,644,640,655,632,643.6283,41700,26839,630,13.3,0,0.77,--,--,3.60,32.658,4.34,32.75,12726000,82,48.3,--
3551,772,782,783,772,775.7869,6100,4732,775,7.2,0,3.88,7.6,12.99,0.34,3.575,0.33,3.85,8504747,66,106.2,100.3
3553,795,811,811,794,799.2933,15000,11989,814,9.7,0,4.02,--,--,0.61,4.795,0.70,6.26,24500000,195,81.6,--
3556,724,712,727,709,719.2981,87900,63226,714,29.0,0,--,--,2.92,14.114,--,--,10410500,75,24.9,--
3557,1514,1509,1514,1508,1510.6667,1200,1813,1504,--,0,37.3,2.67,2.73,4.814,2.73,4.81,3011300,46,40.5,40.5
3558,720,729,735,713,722.2691,305100,220364,723,40.6,0,--,--,2.73,--,--,--,11415160,82,17.7,--
3559,1243,1210,1279,1208,1249.6069,95400,119213,1208,--,0,0.40,26.2,3.81,5.03,25.877,5.03,25.88,4496806,56,47.4,47.4
3560,5470,5470,5470,5460,5466.6667,300,1640,5380,--,0,0.82,28.1,3.54,3.50,12.712,3.50,12.71,2319000,127,194.1,194.1
3561,902,898,915,895,905.9648,28400,25729,898,30.5,0,0.88,--,--,4.83,14.349,5.92,--,23809200,215,29.5,--
3562,1045,0.00,1048,1051,1045,1048.0357,8400,8804,1045,13.7,2.87,--,--,1.71,12.375,1.78,12.12,3144800,33,75.9,--
3563,8720,8780,8790,8670,8729.1629,131400,1147012,8790,24.7,0,1.03,--,--,5.34,22.582,--,--,29012496,2530,351.9,--
3564,1889,1848,1916,1837,1892.5959,404600,765744,1865,--,0,2.64,16.0,6.24,1.27,33.359,1.27,33.36,44720000,845,118,118
3565,1921,1935,1947,1919,1932.7706,23100,44647,1935,--,0,0.36,41.8,2.38,8.36,20.582,8.36,20.58,6761400,130,45.9,45.9
3566,1729,1715,1760,1715,1734.4286,1400,2428,1715,--,0,0.57,18.5,5.38,2.19,14.344,2.24,14.34,2483162,43,93,93
3569,1516,0.00,1515,1520,1508,1514.2894,50100,75866,1516,12.0,2.37,--,--,1.12,10.881,--,--,64633646,980,126.2,--
3571,977,977,979,977,977.2667,3000,2932,979,31.0,0,4.09,--,--,0.85,1.199,1.03,3.63,13933757,136,31.4,--
3577,1135,1122,1135,1122,1131.4400,2500,2829,1125,12.2,0,3.96,--,--,0.53,5.671,--,--,3614252,41,92.4,--
3578,694,701,715,685,706.9107,5600,3959,710,--,0,--,--,0.59,19.800,1.00,63.20,1428015,10,-140.4,--
3580,830,851,855,829,838.0353,25500,21370,846,19.7,0,1.68,--,--,1.00,6.021,--,--,43140999,358,42,--
25935,2410,2402,2422,2400,2411.0761,9200,22182,2402,--,0,2.07,--,--,--,--,--,--,34246962,825,--,--
3591,2861,2872,2888,2861,2871.4791,93500,268483,2864,20.2,0,2.79,--,--,0.84,0.151,1.35,4.34,68589042,1962,141.5,--
3593,3625,3630,3655,3605,3630.7127,45600,165561,3590,20.6,0,1.82,21.3,4.67,1.18,6.516,1.29,6.35,32682310,1185,175.8,169.5
3597,7070,7080,7120,7070,7081.4286,700,4957,7080,10.5,0,4.24,--,--,0.65,5.008,0.68,6.22,3230701,228,672.9,--
3598,213,0.00,213,214,213,213.2148,14900,3177,213,30.1,1.40,--,--,0.45,--,0.44,--,14950074,32,7.1,--
3600,1780,0.00,1820,1820,1780,1800.0000,200,360,1780,26.6,3.51,--,--,0.28,--,0.31,--,1468093,26,66.8,--
3604,431,429,433,429,431.3617,4700,2027,430,10.4,0,1.39,11.3,8.80,0.68,1.883,0.64,4.49,6000000,26,41.4,38
3606,116,115,117,114,115.3595,408300,47101,115,32.5,0,--,--,0.58,--,0.58,--,101307449,118,3.6,--
3607,490,488,492,487,489.8611,7200,3527,487,21.3,0,3.26,--,--,0.75,1.071,0.77,1.74,9689200,47,22.9,--
3608,558,561,568,558,561.8327,108200,60790,560,12.9,0,3.13,--,--,0.54,--,--,--,105783293,590,43.2,--
3611,2213,2253,2253,2213,2228.5256,15600,34765,2225,11.0,0,1.80,--,--,1.00,16.202,1.30,8.88,10030400,222,199.4,--
3612,2890,2830,2914,2830,2889.6104,312900,904159,2841,7.8,0,2.49,--,--,1.20,17.690,--,--,34390965,994,367.5,--
3622,610,610,614,607,608.5714,1400,852,607,76.2,0,0.53,--,--,2.62,--,2.57,--,6999000,43,8,--
3623,1325,1290,1337,1290,1318.2056,35500,46796,1290,105.5,0,0.66,95.9,1.04,4.45,9.229,4.53,8.47,6564400,87,12.6,13.8
3624,560,550,560,544,554.4421,70800,39255,554,--,0,--,--,12.27,--,12.27,--,6027900,34,-83,--
3625,1226,1216,1239,1216,1228.7707,73700,90560,1217,20.0,0,0.40,--,--,2.19,--,--,--,7702000,94,61.2,--
3626,6430,6450,6490,6420,6443.7800,200000,1288756,6450,18.7,0,1.24,--,--,2.31,11.538,2.68,9.66,87789098,5645,343.8,--
3627,873,851,884,839,869.7194,374200,325449,854,33.4,0,0.22,--,--,2.28,16.136,3.25,6.18,11483500,100,26.1,--
3628,2691,2754,2769,2686,2729.7611,11300,30846,2754,64.3,0,0.44,--,--,8.69,1.864,8.55,2.52,3565060,96,41.8,--
3630,2964,2959,2987,2953,2971.2792,30800,91515,2971,20.1,0,0.91,--,--,2.78,10.992,3.11,10.39,10040000,298,147.2,--
3632,497,499,506,497,499.9451,391600,195779,503,26.0,0,2.01,--,--,1.02,3.128,1.05,0.37,242231200,1204,19.1,--
3633,2452,2429,2466,2417,2443.3929,28000,68415,2410,18.6,0,2.65,--,--,7.60,33.250,7.73,33.25,5434600,133,131.6,--
3634,1201,1177,1253,1176,1207.7860,28500,34422,1176,--,0,0.24,245.6,0.40,2.94,6.854,2.94,6.85,2477400,30,4.9,4.9
3635,2524,2538,2540,2516,2524.9371,138300,349199,2545,24.6,0,2.06,--,--,2.71,11.665,3.73,10.26,129268048,3263,102.6,--
3636,4075,4010,4125,4010,4088.6538,33800,138197,4015,16.9,0,2.45,--,--,1.38,7.625,1.69,6.77,16424080,669,240.1,--
3639,527,0.00,530,530,524,525.3796,24500,12872,527,0,--,--,--,1.43,--,1.39,--,5233675,28,-35,--
3640,2184,2176,2184,2175,2179.4000,3000,6538,2176,48.4,0,1.60,--,--,1.70,--,1.59,--,5837200,127,45,--
3641,1899,0.00,1907,1915,1880,1894.2645,39700,75202,1899,16.4,0.52,--,--,2.68,22.489,2.67,23.88,10326880,196,115.3,--
3645,502,495,503,491,498.8131,10700,5337,494,31.6,0,0.29,--,--,1.71,6.411,1.21,2.96,5386500,27,15.8,--
3646,590,0.00,589,592,585,588.3426,10800,6354,590,14.6,3.38,--,--,1.10,10.669,--,--,6888800,41,40.2,--
3647,233,232,235,231,233.0567,19400,4521,231,11.1,0,3.86,--,--,1.71,13.746,1.60,25.62,15993720,37,20.8,--
3648,753,747,765,747,753.4054,7400,5575,747,32.6,0,1.46,--,--,1.12,4.650,--,--,17845932,134,23,--
3649,987,960,992,955,981.7250,86900,85312,963,51.5,0,0.81,48.5,2.05,8.60,14.850,9.60,15.99,26608800,263,19.1,20.3
3652,4220,4205,4235,4205,4213.1633,4900,20645,4205,--,0,660.4,0.15,4.06,1.809,4.06,1.81,3131700,132,6.4,6.4
3653,2880,2782,2884,2761,2841.0614,94400,268196,2782,49.7,0,--,--,2.72,9.357,2.84,9.78,5388200,155,57.9,--
3655,5670,5660,5720,5580,5658.6354,243300,1376746,5600,45.1,0,--,--,13.65,39.206,14.74,39.37,7161372,406,125.7,--
3656,885,867,890,861,879.4933,790800,695503,870,27.9,0,--,--,2.07,19.037,2.36,20.83,38145100,338,31.6,--
3657,1060,1060,1082,1058,1069.6827,147200,157457,1051,19.6,0,1.13,--,--,3.03,16.910,6.58,1.50,38120800,404,54,--
3658,2112,2157,2210,2107,2140.4553,71600,153257,2173,--,0,26.1,3.82,3.42,5.080,3.42,5.08,5655600,119,80.7,80.7
3659,1486,1505,1510,1482,1490.9332,2203700,3285569,1477,11.0,0,65.2,1.53,2.16,21.102,26.17,--,900630560,13383,134,22.8
3660,838,815,842,797,823.7983,475000,391304,820,--,0,--,--,5.39,--,6.30,--,68019400,570,-26.3,--
3661,2161,2116,2169,2085,2139.3422,218900,468302,2096,36.8,0,1.01,--,--,4.56,--,4.78,--,9095297,197,58.6,--
3662,1126,1081,1135,1078,1117.1762,306400,342303,1092,43.9,0,1.42,--,--,1.76,12.277,2.30,12.06,19757400,222,25.6,--
3663,768,748,775,739,759.5446,139000,105577,740,89.4,0,0.78,--,--,1.40,10.096,--,--,8153720,63,8.6,--
3664,231,232,234,228,231.8241,413800,95929,229,--,0,--,--,6.24,--,6.57,--,24008308,55,-25,--
3665,1022,1010,1024,1005,1017.7744,143600,146152,1006,--,0,25.0,3.99,6.77,32.387,6.77,32.39,42642000,436,40.8,40.8
3666,501,493,506,492,499.2679,58600,29257,496,141.1,0,2.39,982.3,0.10,2.24,33.013,1.86,32.92,20400000,102,3.5,0.5
3667,681,686,698,671,682.6432,854900,583592,660,--,0,--,--,6.99,--,5.86,--,10801600,74,-64.8,--
3668,1277,1369,1370,1275,1314.8848,6244900,8211324,1356,90.4,0,1.33,--,--,2.34,1.527,2.33,0.84,129288500,1651,14.1,--
3670,--,--,--,--,--,--,--,--,--,9.7,2.83,--,--,1.41,15.394,--,--,1204500,23,198,--
3671,1146,1164,1164,1122,1136.6904,36500,41489,1142,--,0,0.87,25.4,3.92,3.59,10.192,3.83,10.19,5959500,68,45,45
3672,789,0.00,793,803,782,790.7185,880000,695832,789,0,--,--,--,10.92,--,10.48,--,17135198,135,-23.3,--
3673,626,625,627,619,624.5313,763100,476580,623,19.5,0,2.07,--,--,2.45,13.029,3.00,11.22,97896800,613,32,--
3674,848,843,857,842,849.6249,90900,77231,837,20.2,0,--,--,2.71,11.058,--,--,10469400,89,41.9,--
3675,377,0.00,377,381,374,377.8220,38200,14433,377,--,1.59,--,--,2.66,13.961,1.97,18.71,19970464,75,-24.5,--
3676,1111,0.00,1108,1119,1087,1109.3402,82300,91299,1111,19.5,1.26,--,--,4.83,38.593,--,--,23890800,265,56.8,--
3677,1062,1022,1064,1005,1042.7869,450400,469671,1022,24.8,0,1.41,--,--,7.61,29.329,--,--,23672000,251,42.8,--
3678,3440,3465,3495,3380,3450.6735,73500,253625,3445,65.0,0,0.30,--,--,9.57,--,--,--,14175100,488,52.9,--
3679,527,528,531,525,527.8058,546800,288604,530,22.0,0,0.56,--,--,3.90,22.328,--,--,111700000,589,23.9,--
3680,335,321,338,321,333.1590,365400,121736,321,--,0,--,--,1.71,3.094,1.06,2.30,15650200,52,-97.6,--
3681,531,524,544,521,533.4035,170500,90945,523,34.2,0,0.18,--,--,3.78,12.939,3.83,19.12,24201400,129,15.5,--
3682,830,820,834,817,828.0115,17400,14407,818,19.0,0,2.16,--,--,1.71,12.726,1.71,12.52,6924200,57,43.7,--
3683,1127,1140,1140,1121,1129.8381,10500,11863,1143,--,0,1.41,15.9,6.28,1.43,8.598,1.47,8.60,5171386,58,70.8,70.8
3686,180,179,182,179,180.5808,100900,18221,179,--,0,--,--,1.78,15.917,1.75,7.01,42337200,76,-9.6,--
3687,1325,1335,1343,1321,1331.9691,311100,414376,1337,75.5,0,0.37,--,--,13.30,27.951,14.65,25.96,33610000,445,17.5,--
3688,1460,1417,1483,1417,1458.9593,339000,494587,1403,25.7,0,0.87,--,--,1.64,13.631,7.83,--,25411052,371,56.7,--
3689,931,953,954,927,946.2378,843600,798246,983,--,0,--,--,6.04,--,--,--,14662600,137,0,--
3690,1256,1204,1256,1204,1234.3276,5800,7159,1198,--,0,--,--,7.44,--,--,--,6372415,80,-2.4,--
3691,622,626,626,622,623.9500,2000,1248,625,--,0,--,--,1.60,--,1.31,5.62,3430600,21,0,--
3692,2892,2874,2912,2846,2888.2957,47000,135750,2864,100.8,0,--,--,17.23,16.721,--,--,8190000,237,28.7,--
3693,--,--,--,--,--,--,--,--,--,0,21.6,--,--,5.78,--,--,--,722600,3,16.6,--
3694,3340,3280,3350,3265,3322.2399,106700,354483,3270,229.7,0,229.7,0.43,32.61,0.380,32.16,0.38,27557072,920,14.5,14.5
3695,1742,1769,1769,1742,1750.0000,2900,5075,1769,13.6,0,3.60,--,--,2.20,11.086,2.07,9.90,1677000,29,127.7,--
3696,1178,1162,1192,1162,1177.4533,137000,161311,1173,68.6,0,1.18,--,--,2.10,--,2.15,8.19,11487600,135,17.2,--
3697,7840,0.00,7730,7850,7640,7760.5260,155900,1209866,7840,0,84.7,--,--,14.21,17.713,14.85,15.47,15737500,1234,92.5,--
3698,2070,2000,2072,1921,1994.4565,803700,1602945,1880,32.2,0,--,--,3.82,10.366,--,--,5073918,105,64.1,--
3708,4010,4050,4055,4010,4022.1591,4400,17698,4050,24.2,0,1.24,--,--,0.80,6.222,0.94,3.29,15412000,618,165.6,--
3710,1257,1264,1274,1254,1260.2523,10700,13485,1265,43.0,0,0.79,--,--,1.37,2.740,1.46,4.85,5255000,66,29.2,--
3711,3090,3090,3090,3080,3084.3951,40500,124918,3095,--,0,--,--,--,1.97,8.253,--,--,15000000,464,--,--
3712,2315,2319,2325,2308,2312.5417,2400,5550,2308,--,0,3.45,10.3,9.67,1.94,18.870,1.94,18.87,4090000,95,223.9,223.9
3719,141,0.00,141,143,139,141.0555,117200,16532,141,0,--,381.0,0.26,4.69,0.394,5.28,0.39,19100732,27,0.4,0.4
3723,1295,1279,1296,1277,1288.0614,44000,56675,1269,--,0,0.46,19.5,5.10,2.19,17.911,2.19,17.91,10280000,133,66.2,66.2
3726,481,484,486,481,483.9762,4200,2033,485,52.6,0,--,--,3.16,--,3.75,--,6973470,34,9.1,--
3727,234,230,237,226,233.6298,383300,89550,231,--,0,--,--,2.60,--,4.99,--,22138630,52,0,--
3733,11630,11590,11630,11500,11560.0000,3600,41616,11590,--,0,0.77,22.7,4.38,3.03,14.186,3.18,14.19,5488000,638,510.2,510.2
3738,2642,2643,2656,2630,2642.0044,45800,121004,2628,11.8,0,2.83,--,--,2.85,33.283,--,--,56074000,1481,222.5,--
3739,689,0.00,689,689,676,684.3611,3600,2464,689,0,--,395.9,0.25,5.68,2.795,5.68,2.80,5737264,40,1.7,1.7
3741,3440,3330,3445,3330,3414.4932,14800,50535,3360,--,0,1.45,25.8,3.86,3.00,10.950,3.00,10.95,5120000,176,132.8,132.8
3744,593,591,603,583,596.0433,20800,12398,591,36.7,0,0.84,--,--,4.15,19.051,3.74,8.06,8874400,53,16.1,--
3747,618,0.00,612,630,610,619.6597,294700,182614,618,0,--,--,--,6.09,--,--,--,7444800,46,-3.3,--
3750,695,714,720,690,711.1296,100300,71326,714,12.2,0,2.87,--,--,1.33,17.737,1.32,40.07,7183195,50,56.6,--
3751,385,379,391,379,386.8067,93100,36012,378,36.9,0,2.59,--,--,0.44,--,0.51,--,27763880,107,10.4,--
3753,900,872,911,872,900.1365,121600,109457,882,25.7,0,--,--,45.98,--,18.91,0.45,9456500,85,34.9,--
3756,1508,1524,1527,1503,1514.2890,168500,255158,1520,16.4,0,1.19,--,--,3.02,19.554,3.84,22.13,19535400,295,91.5,--
3758,912,920,922,912,916.6614,414900,380323,918,10.5,0,0.54,--,--,1.52,--,2.40,--,23649428,216,86.5,--
3760,1108,1113,1132,1087,1106.7932,203100,224790,1123,--,0,--,--,4.74,--,4.47,--,5270700,58,-229.7,--
3762,2254,2255,2285,2235,2265.2860,130400,295393,2267,27.9,0,1.19,37.3,2.67,3.46,17.271,5.27,16.56,22259200,502,80.5,60.4
3763,1328,1325,1330,1325,1327.5882,3400,4514,1342,17.7,0,3.38,--,--,2.39,13.067,2.39,13.28,15183600,202,74.8,--
3765,2352,2360,2385,2341,2362.6182,623600,1473329,2361,5.8,0,1.27,--,--,1.96,24.932,2.21,22.47,95210316,2239,401.8,--
3766,608,607,613,607,610.0323,6200,3782,607,--,0,2.13,--,--,0.58,2.697,0.54,4.55,3940000,24,-84.4,--
3768,1429,1438,1445,1428,1436.2844,10900,15656,1426,17.6,0,1.29,--,--,1.12,6.393,--,--,3873500,55,80.9,--
3769,7340,7430,7550,7320,7428.3863,611000,4538744,7410,89.2,0,0.57,--,--,20.58,20.538,24.33,20.04,74301000,5454,82.2,--
3770,397,400,406,395,399.7810,27400,10954,399,--,0,--,--,0.78,--,--,--,13651000,54,-23.5,--
3771,1775,1751,1790,1751,1772.7735,212400,376537,1736,15.6,0,1.69,15.7,6.36,2.64,18.332,2.76,18.30,8360000,148,113.2,112.9
3772,1977,1984,2005,1945,1975.1742,55100,108832,1984,8.2,0,1.01,--,--,2.12,53.203,3.96,58.32,8326200,165,240.2,--
3773,1186,1179,1202,1175,1191.1006,66600,79327,1190,33.3,0,--,--,2.12,12.337,2.14,12.42,18272724,217,35.6,--
3774,2565,0.00,2579,2598,2565,2577.3668,60800,156704,2565,30.4,1.05,--,--,1.48,4.669,1.74,3.96,46734600,1199,84.3,--
3775,495,500,505,490,494.8100,10000,4948,503,24.3,0,--,--,2.42,35.497,--,--,5147752,25,20.4,--
3776,239,237,242,233,237.5167,689600,163792,235,--,0,0.83,--,--,1.65,--,1.93,--,60025500,143,-13.1,--
3777,32,0.00,32,33,32,32.3123,130000,4201,32,0,69.5,--,--,1.60,--,1.74,--,138390380,44,0.5,--
3778,684,685,696,684,689.7968,125000,86225,685,124.8,0,0.36,--,--,3.39,1.203,3.37,2.46,37620700,257,5.5,--
3779,148,0.00,148,150,148,148.3858,25400,3769,148,0,70.4,--,--,3.90,13.559,4.61,--,10472990,16,2.1,--
3782,332,327,333,326,330.6039,183800,60765,326,34.6,0,33.0,3.02,9.79,--,9.88,--,41790300,139,9.6,10.1
3784,1249,1209,1249,1193,1233.5980,140300,173074,1188,19.9,0,0.80,--,--,2.77,--,--,--,17718000,221,62.6,--
3787,1026,1045,1050,1026,1039.2692,2600,2702,1067,--,0,37.4,2.66,1.00,3.133,1.00,3.13,2593100,27,27.4,27.4
3788,2852,2792,2858,2776,2832.2537,47300,133966,2784,32.5,0,1.53,--,--,5.33,17.362,8.60,--,11693000,333,87.7,--
3791,1519,1521,1544,1517,1528.2456,5700,8711,1521,54.0,0,0.32,--,--,1.47,--,2.04,0.16,5055400,77,28.1,--
3793,720,700,721,700,715.3487,170900,122253,703,40.9,0,--,--,12.69,--,15.36,--,28894000,208,17.6,--
3796,345,353,353,343,347.4203,6900,2397,349,198.2,0,1.44,--,--,1.50,--,1.48,--,7280700,25,1.7,--
3798,2900,2918,2920,2854,2889.7545,60700,175408,2952,29.7,0,0.68,--,--,3.08,14.457,5.08,9.33,6160800,179,97.6,--
3799,574,567,574,566,569.8224,21400,12194,567,14.2,0,2.09,--,--,0.77,5.574,1.32,6.78,9110000,52,40.2,--
3800,1775,1776,1776,1768,1774.5556,1800,3194,1776,19.8,0,3.38,--,--,1.24,5.395,--,--,8500000,151,89.2,--
3802,--,--,--,--,--,--,--,--,831,17.7,0.96,--,--,2.23,12.751,2.44,7.86,1605600,13,46.7,--
3803,652,642,652,642,651.2308,1300,847,641,38.6,0,--,--,5.89,--,6.63,--,2080000,14,16.9,--
3804,778,768,783,768,776.9286,8400,6526,767,17.0,0,0.89,17.3,5.78,2.16,12.347,2.27,12.73,6498000,51,45.7,45
3807,163,0.00,163,164,161,162.8230,48600,7913,163,0,--,--,--,8.08,--,45.91,--,45776722,75,-13.6,--
3808,1588,1585,1602,1556,1583.1416,35300,55885,1585,20.7,0,0.15,--,--,4.44,20.019,6.12,20.13,9129918,145,76.7,--
3810,1394,1388,1443,1378,1414.7221,386100,546224,1367,35.8,0,--,--,2.53,--,3.26,--,7709201,107,38.9,--
3814,1344,1322,1347,1315,1332.1149,8700,11589,1311,--,0,0.74,22.2,4.50,2.41,20.854,2.41,20.85,2513800,34,60.5,60.5
3815,478,468,479,468,475.5086,23200,11032,472,80.3,0,--,--,3.58,1.605,3.44,0.07,11300000,54,6,--
3816,1202,1179,1211,1179,1192.7086,15100,18010,1171,13.8,0,1.49,--,--,1.06,7.972,1.07,7.30,3291469,40,86.9,--
3817,2585,2568,2605,2565,2582.5545,11000,28408,2566,12.7,0,4.25,--,--,1.61,9.468,4.00,15.95,15240000,394,202.7,--
3822,2695,0.00,2695,2697,2695,2695.7093,34400,92732,2695,--,0.81,18.1,5.49,2.79,15.909,2.79,15.91,8790000,237,148.1,148.1
3823,245,239,248,238,242.9536,1248400,303303,236,288.2,0,288.2,0.34,3.95,--,3.87,--,25794693,63,0.8,0.8
3824,903,888,903,883,888.7143,700,622,882,--,0,1.10,--,--,1.89,10.372,2.01,10.11,986000,9,-37.2,--
3825,201,197,202,197,200.0424,228600,45730,199,--,0,--,--,2.50,--,1.48,0.78,58467600,118,-68.5,--
3826,844,801,870,801,848.8659,581500,493616,795,--,0,1.42,22.0,4.54,4.65,32.102,4.65,32.10,11078400,94,38.3,38.3
3830,3745,3610,3750,3610,3671.1364,2200,8077,3645,32.1,0,0.18,--,--,11.08,35.877,9.33,44.32,8539200,320,116.6,--
3834,618,623,625,617,620.7902,44800,27811,626,--,0,2.91,15.3,6.50,1.82,9.617,1.82,9.62,32000000,198,40.2,40.2
3835,1235,1219,1238,1212,1228.2116,70900,87080,1217,34.6,0,0.87,--,--,6.79,20.718,9.64,21.06,23582400,291,35.7,--
3836,2029,2004,2040,1975,2008.4019,94300,189392,2010,28.1,0,0.88,--,--,6.36,24.639,--,--,18793491,381,72,--
3837,2278,2265,2295,2252,2279.6778,62700,142936,2249,--,0,1.22,29.7,3.36,4.89,18.847,4.89,18.85,9299460,212,76.6,76.6
3839,516,518,518,515,517.1429,700,362,511,13.6,0,1.93,13.6,7.32,0.86,6.224,0.82,6.20,8200000,42,37.8,37.8
3840,168,154,179,154,166.9638,2303800,384651,153,--,0,--,--,3.30,9.608,3.08,--,28240000,47,-1.3,--
3841,1107,1100,1107,1092,1099.5333,1500,1649,1101,--,0,1.80,18.8,5.31,0.75,3.164,0.75,3.16,1950200,22,58.9,58.9
3842,1572,1580,1595,1565,1578.7667,3000,4736,1574,42.3,0,0.19,--,--,2.39,1.849,2.00,0.43,2073000,33,37.1,--
3843,898,891,909,887,902.1391,138000,124495,891,19.9,0,0.77,--,--,2.30,3.121,2.06,4.02,23414000,210,45.1,--
3844,2436,0.00,2431,2444,2398,2424.6353,182900,443466,2436,38.4,1.19,--,--,7.30,26.022,11.02,28.41,32241600,785,63.4,--
3845,180,179,181,179,180.1327,21100,3801,179,290.3,0,--,--,10.97,--,--,--,16040700,29,0.6,--
3847,3250,0.00,3250,3250,3250,3250.0000,100,325,3250,10.9,3.07,--,--,1.00,11.239,--,--,1480000,48,296,--
3848,1750,1790,1790,1741,1755.4730,7400,12991,1780,12.4,0,2.45,--,--,1.56,15.857,--,--,3707000,65,141.1,--
3849,2350,2330,2358,2268,2311.7222,5400,12483,2330,--,0,0.21,47.8,2.08,3.86,4.046,3.86,4.05,1731000,41,49.1,49.1
3850,4340,4215,4350,4180,4283.7550,24900,106666,4215,41.7,0,0.57,--,--,5.01,12.834,5.25,12.77,4955000,215,104,--
3851,1621,1588,1656,1568,1615.5875,439500,710051,1592,45.0,0,0.24,63.9,1.56,2.52,9.459,4.67,5.21,5110500,83,36,25.3
3852,2181,2135,2190,2125,2166.1231,26000,56319,2142,--,0,0.77,40.4,2.47,3.49,9.340,3.69,9.34,8021600,175,54,54
3853,635,623,642,622,634.0867,189100,119906,623,76.9,0,0.62,--,--,2.12,4.921,--,--,17491265,111,8.3,--
3854,1531,1537,1552,1481,1510.3529,336100,507630,1537,48.1,0,0.65,--,--,13.44,23.666,13.97,23.77,25042528,383,31.8,--
3856,548,553,553,546,547.9444,1800,986,559,10.5,0,3.10,--,--,1.39,16.911,2.22,2.51,5189511,28,51.7,--
3857,1164,1165,1170,1150,1164.1466,111200,129453,1155,17.5,0,2.06,--,--,2.65,14.466,2.47,14.72,26683120,311,66.5,--
3858,705,717,719,704,710.2579,69400,49292,714,927.6,0,--,--,2.75,2.381,--,--,10459000,74,0.8,--
3861,601,595,604,595,600.1350,2860900,1716926,591,9.9,0,2.32,--,--,0.86,7.694,1.61,2.87,1014381817,6096,60.6,--
3863,1874,1871,1883,1868,1874.6027,301500,565193,1864,16.6,0,2.13,--,--,0.55,--,0.75,--,116254892,2179,112.3,--
3864,506,505,512,505,508.0677,56100,28503,510,15.0,0,0.98,--,--,0.34,0.556,0.41,2.58,44741433,226,33.6,--
3865,558,0.00,559,560,556,557.5977,317200,176870,558,11.1,2.15,--,--,0.54,4.777,0.81,--,209263814,1168,50.3,--
3877,1634,1669,1669,1634,1645.9857,7000,11522,1653,16.7,0,3.05,19.8,5.04,0.45,1.476,0.51,0.40,13354688,218,97.4,82.4
3878,860,867,872,860,866.0370,5400,4677,859,--,0,2.90,--,--,0.95,--,--,--,10389406,89,0,--
3880,1499,1494,1506,1492,1498.9681,207000,310286,1489,11.8,0,0.70,--,--,1.18,2.583,1.62,--,153713191,2304,126.6,--
3891,1304,1312,1314,1299,1306.9310,11600,15160,1301,21.5,0,1.53,--,--,0.96,11.029,0.99,11.50,10953582,143,60.4,--
3892,754,750,755,750,752.0714,1400,1053,759,--,0,1.85,6.5,15.21,0.44,6.536,0.45,6.54,5500000,41,114.7,114.7
3895,766,765,769,765,765.7143,1400,1072,762,9.8,0,2.34,--,--,0.73,6.127,0.76,6.07,8175280,63,77.7,--
3896,456,468,470,452,460.3421,45600,20992,460,18.2,0,0.76,--,--,0.96,0.754,1.08,4.12,10172676,46,25.1,--
3900,1039,1036,1048,1028,1039.5009,55500,57692,1024,--,0,--,--,4.96,--,4.88,--,15210160,158,-26.3,--
3901,2199,2198,2215,2165,2197.2250,24000,52733,2165,46.6,0,0.81,--,--,12.33,26.124,--,--,13152000,289,47.1,--
3902,1016,1016,1020,999,1009.5956,272500,275115,1019,101.7,0,--,--,10.85,2.142,11.39,8.28,40027526,407,10,--
3903,686,664,695,659,681.4335,777600,529883,669,20.6,0,--,--,1.68,--,1.63,--,31116100,213,33.2,--
3904,569,568,571,565,569.2874,8700,4953,568,--,0,0.35,--,--,4.37,--,3.24,--,15157200,86,0,--
3905,598,597,601,595,598.1765,27200,16270,597,143.7,0,--,--,3.89,2.010,4.03,0.51,12014491,72,4.2,--
3906,8380,8410,8530,8370,8450.4651,90300,763077,8390,--,0,87.2,1.14,16.42,17.186,16.34,17.19,3258500,273,96.1,96.1
3907,1713,1735,1791,1713,1739.4684,38000,66100,1735,43.8,0,--,--,3.52,--,4.05,--,2948200,51,39.1,--
3908,790,792,792,786,790.1081,3700,2923,789,--,0,17.2,5.81,2.13,12.950,2.13,12.95,4790400,38,45.9,45.9
3909,735,725,747,725,738.5993,30700,22675,733,--,0,0.74,--,--,5.16,1.338,4.37,--,6780400,50,-25.1,--
3910,1501,1469,1580,1420,1492.8524,137500,205267,1480,36.2,0,0.53,--,--,6.93,10.261,6.72,16.57,5428000,81,41.5,--
3911,270,272,280,269,274.6210,240100,65937,274,--,0,--,--,6.19,--,5.23,--,36233600,98,-29,--
3912,1487,1454,1498,1454,1487.0431,176200,262017,1462,19.1,0,--,--,5.79,26.174,5.91,25.42,8828695,131,77.7,--
3913,1018,1020,1021,1012,1017.3030,3300,3357,1019,--,0,--,--,1.75,--,--,--,2038121,21,-43.8,--
3914,4775,4745,4775,4715,4749.8828,25600,121597,4740,78.3,0,--,--,19.05,22.443,19.04,21.31,6687000,319,60.9,--
3915,2822,2763,2857,2745,2804.3419,448100,1256626,2742,49.9,0,--,--,5.73,7.047,13.65,--,12579240,355,56.5,--
3916,1880,1826,1910,1811,1868.2927,166700,311444,1834,36.2,0,0.95,--,--,9.34,26.472,10.68,27.81,15501820,291,51.8,--
3917,1227,1244,1267,1200,1233.8641,165600,204328,1278,68.1,0,--,--,3.31,--,3.52,--,6663700,82,18,--
3918,2262,2298,2298,2262,2282.6316,7600,17348,2292,18.2,0,2.74,--,--,1.91,9.240,2.13,24.09,4261200,96,124,--
3919,2000,1990,2008,1958,1987.0226,145700,289509,1994,21.7,0,1.05,77.8,1.28,5.70,5.854,6.70,12.07,8125264,163,91.8,25.7
3920,1221,1184,1225,1174,1210.8876,34700,42018,1184,31.7,0,--,--,4.14,--,3.80,12.94,5707600,70,38.5,--
3921,997,1004,1007,991,999.4855,17300,17291,1004,--,0,0.65,36.9,2.70,4.10,11.664,4.10,11.66,14842800,148,26.9,26.9
3922,2362,2300,2380,2296,2352.4261,64300,151261,2292,36.1,0,--,--,8.23,18.134,--,--,6728600,159,65.4,--
3923,2029,2035,2048,1995,2019.8816,308200,622528,2039,353.4,0,0.15,--,--,38.10,24.533,43.49,23.12,90608000,1838,5.7,--
3924,1148,0.00,1141,1151,1137,1145.1176,3400,3893,1148,--,1.74,17.1,5.81,2.04,12.123,2.04,12.12,5987100,69,66.8,66.8
3925,5670,5760,5800,5600,5681.3488,73400,417011,5860,52.2,0,0.52,--,--,20.26,39.104,35.26,47.98,6730000,382,108.6,--
3926,1895,1903,1930,1873,1905.1412,176300,335876,1900,55.3,0,--,--,10.09,23.530,11.39,23.16,31260000,592,34.3,--
3927,881,850,885,848,868.5596,30200,26231,851,--,0,463.6,0.21,9.64,5.361,9.64,5.36,4551200,40,1.9,1.9
3928,592,563,603,563,588.8444,210200,123775,567,--,0,--,--,2.21,--,--,--,8596200,51,-2.9,--
3929,936,925,936,909,923.4191,45100,41646,919,34.7,0,1.28,--,--,4.21,20.159,4.34,17.58,6013800,56,26.9,--
3930,2379,2447,2447,2358,2393.5905,52500,125664,2411,--,0,35.1,2.84,3.68,19.156,3.68,19.16,2910300,69,67.7,67.7
3931,1255,1253,1274,1253,1263.8333,600,758,1260,14.1,0,--,--,2.29,10.938,2.82,3.32,1792600,22,88.7,--
3932,6220,6220,6280,6160,6225.6782,75200,468171,6200,9.9,0,0.16,--,--,3.14,38.860,3.67,38.33,13954300,868,624.8,--
3933,1630,1546,1630,1514,1568.7349,319900,501838,1570,41.7,0,--,--,3.97,0.668,4.79,--,3885000,63,39.1,--
3934,1518,1553,1553,1504,1527.5143,98000,149696,1541,14.2,0,0.52,--,--,2.30,18.016,2.61,16.44,5895669,89,106.2,--
3935,593,601,608,591,599.6587,249600,149675,604,--,0,--,--,8.53,--,6.22,--,5529600,33,0,--
3936,1888,1915,1961,1888,1910.6893,10300,19680,1915,88.0,0,--,--,9.69,--,10.00,--,1166002,22,21.4,--
3937,1248,1245,1260,1242,1248.3966,110200,137573,1250,32.5,0,0.40,--,--,7.64,24.673,--,--,11550400,144,38.4,--
3938,5170,5170,5180,5150,5161.5819,780700,4029647,5160,--,0,--,--,7.50,--,6.94,--,240978142,12459,-208.8,--
3939,718,703,734,698,720.0496,274000,197294,693,--,0,0.27,84.2,1.18,23.19,26.821,23.19,26.82,48132000,346,8.5,8.5
3940,568,525,595,525,569.7705,640100,364710,528,--,0,1.93,24.1,4.14,2.85,12.995,2.96,13.00,11434800,65,23.5,23.5
3941,794,792,797,789,793.1663,987200,783014,788,7.8,0,2.01,--,--,0.72,6.614,1.30,5.65,271056029,2152,101,--
25935,2410,2402,2422,2400,2411.0761,9200,22182,2402,--,0,2.07,--,--,--,--,--,--,34246962,825,--,--
3943,1620,0.00,1620,1620,1620,1620.0000,100,162,1620,6.9,3.33,--,--,0.46,4.300,0.49,4.77,4664000,76,233.5,--
3944,2693,2693,2693,2693,2693.0000,100,269,2679,4.4,0,2.47,--,--,0.35,5.711,0.38,5.42,1776820,48,611.2,--
3945,1585,1595,1595,1578,1584.4286,700,1109,1600,12.1,0,3.78,16.1,6.19,0.82,--,0.83,--,1686154,27,130.8,98.1
3946,1808,1782,1808,1769,1791.3611,14400,25796,1775,5.9,0,2.48,--,--,0.47,7.462,0.60,3.28,19341568,350,305.9,--
3947,--,--,--,--,--,--,--,--,1502,30.9,3.32,--,--,0.42,--,0.42,--,10322591,155,48.5,--
3948,455,460,469,451,462.9085,47000,21757,452,--,0,3.95,17.5,5.70,0.37,1.965,0.38,1.97,5815294,26,25.9,25.9
3950,3725,3720,3750,3705,3725.6875,16000,59611,3730,14.1,0,1.34,15.7,6.36,1.25,9.033,1.32,8.86,19900000,741,263.5,237.2
3951,1038,1025,1039,1025,1035.7143,700,725,1021,15.5,0,1.92,--,--,0.78,5.726,--,--,23284929,242,66.7,--
3952,1230,1240,1240,1230,1234.1667,1200,1481,1248,11.1,0,3.25,--,--,0.51,5.067,0.58,6.02,5225008,64,110.7,--
3953,872,868,883,868,876.7000,1000,877,871,--,0,1.14,30.6,3.26,0.79,2.326,0.79,2.33,4884000,43,28.5,28.5
3954,1719,1726,1726,1719,1724.4000,500,862,1725,6.8,0,2.21,11.0,9.04,0.47,7.476,0.59,5.52,4450000,76,252.3,155.4
3955,561,577,580,556,567.5936,28300,16063,577,13.0,0,2.13,--,--,0.42,2.077,--,--,10729370,60,43,--
3956,335,0.00,335,336,331,333.0944,18000,5996,335,--,0.89,20.0,4.97,1.14,5.289,1.14,5.29,6000000,20,16.7,16.7
3960,1716,0.00,1730,1734,1713,1723.3226,3100,5342,1716,0,2523.5,42.8,2.33,3.64,--,3.14,--,1473400,25,0.7,40
3961,1181,1193,1193,1180,1187.5238,2100,2494,1183,88.9,0,54.1,1.84,3.71,10.352,3.85,10.35,2935900,35,13.3,21.8
3962,2450,2125,2557,2121,2410.1847,1468900,3540320,2121,73.9,0,--,--,6.93,--,6.26,10.52,15696800,385,33.1,--
3963,521,524,524,520,521.2813,6400,3336,518,31.5,0,--,--,5.42,19.181,5.73,19.62,26893800,140,16.5,--
3964,1356,1350,1372,1348,1358.9568,16200,22015,1342,24.1,0,1.91,--,--,2.13,10.102,3.84,8.32,27754900,376,56.2,--
3965,1313,1306,1315,1301,1309.4059,20200,26450,1298,16.6,0,1.59,--,--,2.37,--,--,--,5708496,75,78.8,--
3966,1940,1921,1943,1902,1924.8457,94000,180936,1942,--,0,--,--,18.13,17.243,10.90,6.63,31694682,615,-49.2,--
3967,1785,1765,1799,1741,1778.5183,35500,63137,1762,102.1,0,--,--,5.53,--,5.46,0.41,5151000,92,17.5,--
3968,1726,1688,1750,1687,1724.3189,57700,99493,1679,26.6,0,1.15,--,--,3.64,15.807,--,--,5733200,99,64.7,--
3969,1485,1470,1499,1465,1489.2938,32000,47657,1487,--,0,1.07,29.5,3.37,4.40,16.395,4.40,16.40,7471800,111,50.2,50.2
3970,2111,2134,2155,2090,2122.8755,24900,52860,2135,102.9,0,--,--,4.76,--,--,--,1998600,42,20.5,--
3974,1289,1288,1296,1288,1291.7143,700,904,1296,12.0,0,1.78,--,--,0.89,5.470,--,--,1820000,23,107.3,--
3975,672,661,672,661,668.7958,51900,34711,663,15.0,0,2.97,--,--,0.64,7.840,--,--,24566447,165,44.8,--
3976,1364,1365,1380,1364,1368.3333,900,1232,1371,315.7,0,158.0,0.63,6.27,--,5.64,--,1390100,19,4.3,8.6
3977,950,--,929,950,929,946.5000,600,568,--,0,--,97.7,1.02,2.91,--,2.91,--,720000,7,9.7,9.7
3978,1004,1014,1033,1003,1015.7342,231400,235041,1008,9.1,0,1.09,--,--,1.34,17.101,--,--,40287500,404,109.2,--
3979,1243,1239,1258,1239,1247.0789,3800,4739,1261,--,0,--,--,1.78,12.397,2.13,9.31,3416700,42,-113.9,--
3981,1328,1268,1328,1259,1298.6695,95000,123374,1272,--,0,16.5,6.03,1.70,5.275,1.77,5.28,6132077,81,80.1,80.1
3983,4300,4200,4305,4095,4232.4866,261000,1104679,4135,78.6,0,0.17,--,--,12.01,16.513,14.04,17.07,16600000,714,54.6,--
3984,3855,3900,3910,3815,3873.3088,40800,158031,3875,--,0,75.0,1.33,11.24,14.173,11.75,14.17,7451900,287,51.4,51.4
3985,484,477,489,477,483.5895,53100,25679,479,--,0,48.4,2.06,3.53,13.761,3.53,13.76,11097568,54,10,10
3986,1674,1640,1696,1640,1671.4894,4700,7856,1649,--,0,0.71,20.7,4.81,2.16,9.827,2.18,9.83,1536960,26,80.7,80.7
3987,1292,1315,1315,1279,1296.2808,29200,37851,1318,929.4,0,123.9,0.80,4.73,1.160,4.49,1.16,5078800,66,1.4,14.8
3988,1075,1077,1079,1057,1070.0857,3500,3745,1069,15.7,0,1.20,--,--,1.51,8.710,1.60,5.33,2572000,28,68.4,--
3989,557,525,559,524,545.2395,1504500,820313,530,12.6,0,--,--,6.88,--,--,--,18407400,103,44,--
3990,5210,5160,5280,5140,5229.9706,102100,533980,5200,114.9,0,--,--,31.69,38.310,--,--,19408260,1011,45.3,--
3991,2143,2151,2171,2132,2153.3721,21500,46298,2144,131.6,0,--,--,24.90,20.476,24.87,4.94,9216200,198,16.3,--
3992,698,694,698,687,693.4830,17600,12205,691,--,0,2.29,15.6,6.40,3.00,18.766,3.00,18.77,8483600,59,44.7,44.7
3993,4225,4000,4225,3980,4143.3263,188500,781017,4005,286.2,0,--,--,4.83,2.490,4.90,1.71,30495600,1288,14.8,--
3994,4565,4625,4630,4510,4568.6078,116000,529959,4615,--,0,--,--,12.31,--,26.37,--,22165120,1012,-114.6,--
3995,639,626,645,615,629.7416,101000,63604,628,42.4,0,0.46,--,--,5.39,6.726,5.65,6.63,10637000,68,15,--
3996,1841,1852,1855,1812,1838.8161,43500,79989,1815,--,0,0.13,--,--,16.71,16.839,16.71,16.84,10858800,200,-28.1,--
3997,1308,1348,1354,1306,1325.5513,7800,10339,1345,--,0,0.38,20.8,4.78,3.24,30.369,3.27,30.37,3291000,43,62.6,62.6
3998,3980,3980,4175,3770,4017.2368,60800,244248,3935,--,0,--,--,6.00,17.700,6.26,17.70,1266700,50,-1.6,--
3999,780,778,793,777,784.0556,7200,5645,783,--,0,--,--,3.78,1.769,--,--,5036000,39,-18.9,--
4004,3035,3010,3070,3000,3041.4266,1534400,4666765,3030,4.9,0,4.28,--,--,0.88,27.930,1.40,8.59,149711292,4544,617,--
4005,497,498,501,495,497.5295,7476000,3719531,500,16.2,0,4.42,--,--,0.84,12.253,2.31,19.77,1655446177,8228,30.6,--
4008,3560,3585,3615,3550,3575.3571,16800,60066,3595,14.0,0,2.80,--,--,0.78,0.943,--,--,13972970,497,253.8,--
4021,4305,4260,4320,4225,4286.6507,606100,2598139,4255,20.5,0,2.04,--,--,3.53,16.550,--,--,147000000,6328,209.1,--
4022,1440,1476,1476,1436,1449.5536,127700,185108,1480,10.3,0,2.77,--,--,0.76,16.440,--,--,7944203,114,138.8,--
4023,6570,6500,6650,6490,6588.6030,99500,655566,6540,5.8,0,2.58,--,--,0.78,8.967,0.96,10.33,20805407,1367,1117.9,--
4025,4430,4420,4430,4410,4421.3415,8200,36255,4420,31.8,0,0.90,--,--,1.49,6.899,1.83,6.75,9458768,419,138.9,--
4026,838,841,842,835,836.6600,5000,4183,840,--,0,2.38,10.9,9.12,1.07,9.527,1.07,9.53,9240000,77,76.5,76.5
4027,1919,1911,1944,1911,1925.3210,24300,46785,1911,11.0,0,2.08,11.0,9.08,0.95,9.125,1.04,9.55,25714414,493,174.4,174.4
4028,1150,1150,1170,1148,1157.1533,181300,209792,1146,19.9,0,1.04,17.0,5.87,0.61,12.189,0.71,12.76,40383943,464,57.5,67.6
4031,1171,1179,1181,1170,1177.2278,7900,9300,1179,14.1,0,3.41,--,--,0.51,4.489,--,--,10161686,119,82.6,--
4041,2897,2891,2934,2880,2902.9533,90000,261266,2895,15.0,0,2.41,--,--,0.61,4.091,0.72,3.31,31127307,902,192.2,--
4042,1606,1588,1611,1586,1602.2101,1549000,2481823,1596,9.1,0,3.48,--,--,0.93,15.147,1.20,15.47,325080956,5221,175.5,--
4043,2888,2885,2935,2876,2905.0595,390000,1132973,2874,7.7,0,2.42,--,--,1.25,24.622,1.79,28.80,69934375,2020,374.3,--
4044,2682,2695,2727,2682,2697.5114,92100,248441,2697,15.5,0,2.79,--,--,0.66,4.471,0.70,4.35,42975995,1153,173,--
4045,1266,1255,1276,1252,1265.6591,212100,268446,1251,14.2,0,2.36,--,--,0.87,6.908,1.10,8.55,131996299,1671,88.9,--
4046,3020,3065,3085,3020,3043.5550,39100,119003,3035,10.5,0,2.15,--,--,1.05,10.825,1.21,10.68,26731415,807,286.6,--
4047,1042,1063,1066,1037,1050.0312,275600,289389,1039,12.7,0,1.34,--,--,1.34,16.053,1.56,17.19,57546050,600,81.7,--
4061,3275,3290,3300,3265,3281.1054,234300,768763,3250,11.7,0,3.81,--,--,1.14,10.308,1.60,11.08,88555840,2900,278.3,--
4062,2465,2456,2478,2451,2466.1390,609200,1502372,2454,49.2,0,1.41,--,--,1.28,1.197,1.75,5.67,140860557,3472,50.1,--
4063,11700,11585,11725,11560,11671.2650,922100,10762074,11590,15.4,0,1.88,--,--,1.91,12.835,6.10,11.70,416662793,48750,755.3,--
4064,1497,1470,1520,1470,1506.2612,24500,36903,1470,7.0,0,2.67,--,--,0.51,7.707,0.59,5.06,8194029,123,213.8,--
4078,2505,2510,2552,2505,2520.7515,16900,42601,2534,16.8,0,1.59,--,--,0.53,4.646,--,--,17000000,426,148.7,--
4080,872,853,875,850,864.9990,103300,89354,850,--,0,166.7,0.59,2.00,--,2.00,--,32533000,284,5.2,5.2
4082,846,826,851,826,842.7231,52000,43822,826,8.5,0,2.36,--,--,0.73,11.930,0.74,11.72,24400000,206,99,--
4088,2050,0.00,2050,2066,2044,2053.4077,276900,568589,2050,13.3,1.95,--,--,1.42,9.300,2.35,7.62,198705057,4073,153,--
4091,2476,2450,2506,2428,2476.5175,734500,1819002,2487,18.7,0,1.13,--,--,2.70,10.413,4.04,6.81,433092837,10723,131.7,--
4092,3145,3195,3205,3135,3167.3450,37100,117509,3190,12.5,0,2.22,--,--,0.76,6.152,0.87,5.97,8922775,281,250.1,--
4093,1402,1390,1407,1390,1400.1250,800,1120,1398,9.7,0,3.20,15.0,6.63,0.67,7.987,1.45,11.08,7004000,98,143.1,93
4094,1031,1055,1055,1031,1039.9123,5700,5928,1039,10.1,0,2.90,--,--,0.57,6.749,--,--,20680000,213,101.8,--
4095,1143,1142,1160,1142,1148.5193,287900,330659,1139,11.3,0,1.92,--,--,0.95,8.194,1.65,10.87,132604524,1516,100.5,--
4097,796,812,813,796,799.4043,18800,15029,812,11.8,0,2.01,--,--,0.75,6.337,0.92,5.02,55577526,442,67,--
4098,2999,3000,3190,2932,3031.5279,612100,1855598,3115,19.1,0,1.00,13.6,7.31,1.52,9.896,1.53,9.90,3027626,91,156.3,219.4
4099,1254,1247,1282,1246,1258.4351,15400,19380,1246,12.6,0,1.91,--,--,1.03,7.887,--,--,58948063,739,99.3,--
4100,2230,2218,2254,2218,2239.4938,8100,18140,2240,--,0,--,--,0.78,0.000,0.84,--,6099192,136,-208.2,--
4102,1437,--,1437,1437,1437,1437.0000,300,431,--,13.0,2.08,--,--,0.37,4.989,--,--,2355200,34,110,--
4107,3200,3220,3230,3195,3216.8333,3000,9651,3175,14.1,0,2.18,--,--,0.66,2.424,0.69,4.07,5135135,164,225.5,--
4109,3205,3140,3225,3120,3190.4884,43000,137191,3155,24.3,0,1.40,--,--,1.25,7.337,1.67,9.62,13213248,423,131.6,--
4112,3700,3660,3735,3660,3711.3568,19900,73856,3675,48.7,0,1.35,--,--,0.87,5.600,--,--,8413726,311,75.9,--
4113,8910,8850,8930,8680,8789.4352,30100,264562,8850,15.9,0,1.29,--,--,2.15,17.136,2.24,17.42,2888000,257,558.2,--
4114,6740,6650,6800,6650,6741.0476,73500,495467,6690,16.7,0,2.67,16.2,6.13,0.84,7.546,1.01,7.87,40800000,2750,401.2,413.8
4115,1228,1226,1228,1222,1225.0000,500,613,1227,8.2,0,2.60,--,--,0.76,9.926,0.85,12.03,11500000,141,148.1,--
4116,3260,3240,3305,3225,3261.1111,14400,46960,3245,12.1,0,2.60,--,--,0.63,4.100,1.03,3.39,18613110,607,269.3,--
4118,3575,3525,3620,3525,3583.7833,303700,1088395,3580,12.9,0,2.79,--,--,0.69,6.706,0.94,7.11,68000000,2431,276,--
4119,2213,2213,2213,2213,2213.0000,200,443,2220,11.5,0,3.61,17.3,5.75,0.26,4.169,0.32,3.66,1575899,35,191.1,127.4
4120,1145,1145,1145,1145,1145.0000,100,115,1150,--,0,2.62,11.2,8.92,0.27,4.066,0.27,4.07,1373000,16,102.2,102.2
4124,1348,1341,1359,1341,1345.2143,1400,1883,1351,27.1,0,1.85,--,--,0.85,4.370,0.85,4.37,1073500,14,49.7,--
4151,2276,2301,2303,2268,2285.8671,1580800,3613499,2262,17.9,0,1.75,--,--,1.85,8.598,2.43,9.78,540000000,12290,126.6,--
4182,1654,1640,1675,1637,1656.9579,1229300,2036898,1632,19.3,0,4.23,--,--,0.70,11.336,1.19,12.25,229039199,3788,85.3,--
4183,2651,2645,2683,2645,2659.3263,825600,2195540,2633,12.3,0,3.77,--,--,0.94,14.314,1.36,12.91,204580115,5423,215.3,--
4185,1957,1990,1999,1954,1971.7322,1302300,2567787,1986,15.0,0,3.06,--,--,1.06,7.823,1.32,8.27,226126145,4425,130.4,--
4186,3955,3905,3995,3905,3957.7239,121700,481655,3945,33.6,0,3.03,--,--,1.15,4.724,1.30,4.40,45100000,1784,117.5,--
4187,1259,1253,1265,1247,1258.6748,20600,25929,1249,10.3,0,2.85,--,--,0.90,8.942,--,--,22410038,282,121.4,--
4188,820.8,820.0,825.4,817.0,821.5495,3872300,3181286,815.7,8.8,0,4.87,--,--,0.84,12.728,--,--,1506288107,12364,92.3,--
4189,2441,2401,2463,2398,2441.0350,214000,522382,2440,12.2,0,2.45,--,--,2.29,20.129,2.71,21.44,37029400,904,199.9,--
4202,1099,1099,1110,1094,1100.4748,1429700,1573349,1092,16.4,0,3.09,--,--,0.91,9.069,1.29,6.49,331942682,3648,66.7,--
4203,4425,0.00,4390,4475,4370,4428.6949,163200,722763,4425,16.9,2.03,--,--,1.16,8.687,1.60,2.73,49590478,2194,261.4,--
4204,1892,1892,1905,1891,1896.2342,863700,1637778,1889,12.8,0,2.43,--,--,1.41,11.062,2.81,12.44,484507285,9167,146.7,--
4205,1369,1376,1383,1368,1373.1971,608300,835316,1372,13.6,0,1.53,--,--,1.13,7.191,1.55,5.22,237075556,3246,100.7,--
4206,3475,3480,3515,3465,3487.8786,206000,718503,3480,16.4,0,3.05,--,--,1.77,10.686,2.00,10.61,67590664,2349,211.3,--
4208,2310,2298,2332,2297,2314.1284,352700,816193,2286,8.4,0,3.89,--,--,0.70,10.079,1.33,8.95,106200107,2453,272.1,--
4212,2295,2299,2320,2287,2300.9790,33300,76623,2319,14.2,0,2.09,--,--,1.01,7.313,1.19,7.10,47313598,1086,160.8,--
4215,665,0.00,666,671,663,666.8409,48400,32275,665,4.7,4.06,--,--,0.88,9.064,1.02,7.07,97500000,648,138.6,--
4216,1703,1708,1730,1700,1710.2588,22800,38994,1708,11.2,0,2.93,--,--,0.75,9.301,0.88,5.71,19800400,337,151.6,--
4217,3500,3455,3510,3420,3474.7779,684400,2378138,3465,33.1,0,1.71,--,--,1.74,7.001,2.47,7.70,208364913,7293,105.7,--
4218,1893,1900,1918,1884,1895.7672,34800,65973,1910,15.0,0,2.00,--,--,1.07,9.149,1.36,9.98,20738006,393,125.5,--
4220,505,510,514,504,507.9478,109200,55468,506,8.4,0,3.16,10.4,9.54,0.63,6.367,0.69,6.94,66113819,334,59.4,48.2
4221,1997,2004,2012,1993,2002.8454,9700,19428,1990,9.5,0,2.75,--,--,0.52,5.559,0.61,7.03,12414870,248,209.8,--
4222,529,524,529,524,526.6102,5900,3107,527,40.9,0,410.0,0.24,19.15,--,26.96,--,3952941,21,12.9,1.3
4224,1740,1734,1740,1730,1735.2692,2600,4512,1729,6.9,0,4.59,--,--,0.49,9.027,0.53,8.86,4625309,80,249.5,--
4228,797,802,810,797,802.1477,44700,35856,798,11.2,0,3.76,--,--,0.55,4.791,0.60,5.37,46988109,374,70.7,--
4229,2474,0.00,2477,2487,2474,2477.2353,1700,4211,2474,14.2,3.23,--,--,0.41,2.908,0.44,2.59,8998308,223,173.2,--
4231,580,578,585,577,579.3568,19900,11529,578,12.8,0,2.93,--,--,0.38,5.629,0.47,5.56,20111598,117,45,--
4234,527,0.00,529,531,526,528.3214,2800,1479,527,21.4,3.41,13.7,7.26,0.30,0.950,0.30,2.20,11320000,60,24.6,38.3
4235,1225,1234,1248,1225,1234.6846,14900,18397,1240,25.4,0,2.12,--,--,1.10,3.926,2.19,--,8727000,84,48.1,--
4237,267,266,267,264,265.1478,11500,3049,268,18.7,0,2.24,--,--,0.89,0.450,1.06,1.49,29786400,80,14.2,--
4238,1318,1336,1339,1308,1318.4150,44100,58142,1336,14.8,0,1.51,--,--,0.65,7.261,0.71,6.16,10120000,133,89,--
25935,2410,2402,2422,2400,2411.0761,9200,22182,2402,--,0,2.07,--,--,--,--,--,--,34246962,825,--,--
4240,517,514,523,513,518.8636,28600,14840,514,--,0,366.6,0.27,2.33,1.591,2.33,1.59,5692800,29,1.4,1.4
4241,1738,1690,1743,1666,1707.4685,104800,178943,1690,58.6,0,0.57,--,--,4.71,8.112,--,--,4399900,76,29.6,--
4242,2880,2807,2880,2807,2830.7222,3600,10191,2830,8.7,0,0.69,--,--,1.04,14.050,1.60,6.37,2767572,80,330.2,--
4243,883,887,887,869,879.6508,6300,5542,863,9.3,0,2.26,--,--,0.57,6.258,0.61,5.18,2323000,21,94.7,--
4245,1013,1030,1047,1011,1028.2920,33900,34859,1045,15.2,0,2.36,--,--,1.78,12.716,1.87,16.16,12408800,126,66.6,--
4246,831,829,841,829,834.9679,127700,106625,829,8.7,0,3.61,--,--,0.76,14.687,0.98,12.69,73896400,614,94.6,--
4247,--,--,--,--,--,--,--,--,--,8.2,2.42,--,--,0.55,6.073,--,--,1317400,27,249.8,--
4248,1004,986,1014,986,1005.4494,87000,87474,982,10.6,0,1.89,--,--,1.41,14.803,--,--,12528400,126,93.9,--
4249,2353,2351,2371,2350,2356.3780,8200,19322,2351,8.4,0,4.33,--,--,0.59,9.282,--,--,16960000,399,277.6,--
4250,--,--,--,--,--,--,--,--,--,0,6.2,--,--,3.96,3.200,--,--,630000,4,101.6,--
4251,949,899,949,890,915.5898,532400,487460,881,12.1,0,0.97,--,--,1.95,--,2.12,--,7420000,70,78,--
4272,1360,1356,1371,1355,1362.9005,273400,372617,1352,18.3,0,2.20,--,--,1.09,6.998,1.45,6.54,177503570,2414,73.9,--
4274,875,888,900,859,879.9443,102300,90018,870,--,0,0.68,28.9,3.45,1.43,5.731,1.43,5.73,4032000,35,30.2,30.2
4275,612,608,617,608,613.1450,39300,24097,609,16.1,0,1.96,--,--,0.55,6.022,0.56,7.27,24050000,147,38,--
4282,1433,1424,1447,1420,1433.5986,58300,83579,1424,17.9,0,1.95,--,--,1.46,8.367,1.93,9.35,46311389,664,79.8,--
4284,916,908,927,908,919.2137,26200,24083,907,19.8,0,1.09,--,--,2.04,2.757,2.55,5.80,13410297,123,46,--
4286,1419,1413,1440,1403,1427.0045,89300,127432,1401,19.2,0,1.69,--,--,2.36,14.202,2.69,13.91,10840000,154,73.7,--
4287,525,532,537,522,529.3629,78800,41714,535,58.5,0,1.40,39.4,2.53,2.13,4.707,2.14,6.64,12706338,67,9,13.3
4288,2322,2384,2384,2322,2353.3333,5700,13414,2372,--,0,0.21,--,--,5.82,--,5.82,--,3815734,89,0,0
4290,921,918,926,904,917.0978,224000,205430,923,32.7,0,0.76,--,--,4.35,12.693,--,--,127977000,1179,28.1,--
4293,287,281,288,279,284.1223,1395300,396436,281,25.9,0,0.69,--,--,2.45,--,2.90,7.19,138906500,399,11.1,--
4295,812,789,815,789,809.8068,17600,14253,788,--,0,1.23,--,--,0.61,--,0.59,1.81,13831091,112,-34.4,--
4298,1019,1039,1039,1017,1027.0139,151300,155387,1033,9.0,0,2.69,--,--,1.33,11.712,1.61,6.27,41925300,427,112.3,--
4299,1905,1910,1910,1901,1906.1860,4300,8197,1924,17.2,0,2.62,--,--,1.20,9.745,1.31,10.14,6206496,118,110.4,--
4301,3035,3015,3060,3010,3038.0042,23800,72305,3020,19.9,0,1.15,--,--,1.70,16.483,1.93,15.00,18623520,565,152.2,--
4304,916,915,918,915,915.8462,1300,1191,912,14.6,0,3.16,--,--,2.73,--,3.23,25.51,5161298,47,62.4,--
4307,2433,2408,2438,2387,2423.6224,1465900,3552788,2397,21.2,0,1.23,22.9,4.35,5.60,12.270,3.69,16.35,754591500,18359,114.5,106.1
4308,527,0.00,523,541,523,527.6220,41800,22055,527,29.1,1.23,--,--,1.63,5.239,1.72,3.93,14028700,74,18.1,--
4310,1581,1589,1620,1575,1588.9073,20500,32573,1579,38.4,0,--,--,1.42,3.470,1.42,1.94,10377000,164,41.1,--
4312,777,763,787,754,771.2377,692600,534159,754,19.3,0,2.58,--,--,1.79,--,--,--,32076000,249,40.1,--
4316,820,810,829,810,822.3966,23700,19491,814,40.6,0,--,--,3.65,9.859,4.00,7.98,3227000,26,20.1,--
4317,658,645,663,632,649.3641,173300,112535,649,14.9,0,0.91,--,--,1.80,12.865,2.18,11.77,14328976,94,44,--
4318,1628,1599,1628,1594,1619.3195,55400,89710,1592,15.3,0,2.70,--,--,3.24,25.662,4.08,23.49,19098576,311,105.8,--
4319,224,221,225,220,222.8688,68600,15289,223,41.4,0,2.23,21.8,4.58,0.66,5.733,1.00,3.63,18504000,41,5.4,10.3
4320,465,462,469,458,464.6042,61400,28527,460,17.5,0,1.46,--,--,1.54,12.235,2.14,1.89,15106800,70,26.5,--
4321,573,579,582,573,576.4900,585900,337766,577,12.4,0,2.61,--,--,1.31,13.408,1.39,13.01,225267000,1291,46.1,--
4323,1219,1214,1223,1213,1219.4773,4400,5366,1220,430.7,0,2.29,--,--,1.14,5.038,0.98,5.10,5612230,68,2.8,--
4324,4050,4125,4140,4045,4073.7082,721500,2939181,4080,31.5,0,2.34,19.4,5.14,1.12,8.437,1.14,9.83,288410000,11681,128.3,208.2
4326,936,940,942,935,938.2082,29300,27490,940,14.8,0,2.56,--,--,1.36,10.215,1.96,8.90,40426000,378,63.1,--
4327,2006,2005,2015,2005,2010.5714,1400,2815,2005,--,0,3.58,13.9,7.16,2.52,18.588,2.52,18.59,6141158,123,143.7,143.7
4331,1235,1216,1236,1211,1227.6861,61800,75871,1221,9.4,0,1.61,--,--,0.67,10.409,0.77,8.17,13059330,161,131.2,--
4333,935,934,942,933,937.4125,8000,7499,932,--,0,2.67,14.6,6.82,1.65,9.816,1.65,9.82,13865992,130,63.8,63.8
4334,525,529,534,523,527.9886,8800,4646,531,24.9,0,1.90,--,--,1.19,5.842,1.43,4.78,11096000,58,21,--
4335,880,879,885,876,880.7917,2400,2114,873,21.6,0,1.13,23.3,4.28,2.50,10.356,2.33,9.89,2466000,22,40.6,37.7
4336,455,450,464,450,454.8590,7800,3548,453,12.8,0,1.75,16.1,6.17,0.98,9.514,1.20,9.49,2340000,11,35.5,28.1
4337,4880,4825,4880,4815,4852.2727,5500,26688,4825,80.9,0,0.40,--,--,10.82,11.870,9.83,9.84,14657613,715,60.3,--
4341,879,0.00,864,893,864,871.5200,7500,6536,879,14.6,3.18,--,--,0.61,4.771,--,--,3500000,31,60,--
4342,3795,3800,3810,3760,3793.4615,3900,14795,3780,16.5,0,2.50,--,--,1.07,6.838,1.16,6.88,13109501,498,229.1,--
4343,3340,3350,3390,3305,3353.4349,72200,242118,3370,30.6,0,1.49,27.4,3.63,2.31,6.617,2.27,5.84,19751625,660,108.9,121.5
4344,485,480,487,479,484.0397,787800,381327,487,58.9,0,0.25,--,--,5.54,6.734,5.54,7.94,136168400,660,8.2,--
4345,746,748,755,743,748.1537,51400,38455,740,26.5,0,1.60,--,--,4.29,15.142,--,--,43400000,324,28.1,--
4346,1912,1941,1959,1895,1912.7606,137400,262813,1952,20.5,0,2.09,--,--,4.06,23.118,6.77,5.65,13413640,256,93.1,--
4347,81,0.00,82,82,81,81.2550,476800,38742,81,0,18.5,--,--,2.52,7.386,--,--,79147323,64,4.4,--
4348,2424,2434,2458,2412,2433.7615,223500,543946,2432,24.1,0,1.19,--,--,3.91,15.739,--,--,57600000,1396,100.5,--
4349,--,--,--,--,--,--,--,--,3800,--,1.57,9.1,10.87,1.29,8.378,1.29,8.38,350000,13,413.3,413.3
4350,591,577,600,575,592.3062,205100,121482,575,27.6,0,1.69,--,--,1.66,4.337,1.41,22.43,30642600,181,21.4,--
4351,554,550,555,550,552.6563,3200,1769,548,16.2,0,1.80,--,--,0.92,--,0.99,--,4268000,24,34,--
4355,395,393,397,393,394.5714,7000,2762,394,48.2,0,2.02,--,--,1.47,--,11.61,--,11190400,44,8.2,--
4356,4345,4295,4410,4130,4292.4964,140800,604384,4390,--,0,0.23,28.5,3.50,4.96,11.456,5.06,11.46,2858400,124,152.4,152.4
4361,1090,1100,1107,1086,1092.0625,3200,3495,1086,13.2,0,2.75,--,--,0.72,9.334,--,--,1220000,13,82.1,--
4362,1277,1278,1278,1272,1275.8652,8900,11355,1273,12.6,0,2.42,--,--,0.80,6.324,0.98,6.34,25372447,324,101.1,--
4364,554,551,561,551,555.5941,10100,5612,555,13.1,0,1.35,--,--,0.48,2.310,0.49,2.62,8625000,48,42,--
4365,--,--,--,--,--,--,--,--,10820,9.0,2.77,--,--,0.65,8.868,0.67,8.90,4512651,488,1200.5,--
4366,477,0.00,474,487,469,479.0724,45600,21846,477,11.3,1.67,--,--,0.45,5.686,0.50,5.04,11200000,53,41.9,--
4367,1886,1893,1894,1885,1888.6923,1300,2455,1899,--,0,3.18,8.3,11.92,0.45,4.849,0.45,4.85,4900000,92,224.9,224.9
4368,3085,3110,3130,3055,3087.5398,56500,174446,3095,21.0,0,1.49,--,--,1.91,13.046,2.19,15.66,35511000,1096,146.5,--
4369,8190,8150,8300,8060,8204.8867,70600,579265,8160,25.9,0,0.58,--,--,8.03,--,--,--,7812160,640,316.2,--
4380,1653,1653,1681,1650,1654.3043,2300,3805,1637,--,0,0.60,28.4,3.51,4.87,17.463,4.87,17.46,2445400,40,58.1,58.1
4381,2150,2121,2185,2119,2149.1938,12900,27725,2116,77.5,0,80.0,1.24,10.72,2.150,9.79,2.15,2309660,50,27.7,26.9
4382,12000,12160,12160,11980,12049.1477,17600,212065,12230,--,0,240.5,0.41,40.90,16.996,42.54,17.00,7016014,842,49.9,49.9
4383,--,--,--,--,--,--,--,--,--,0,--,35.9,2.78,7.69,18.181,7.69,18.18,646540,3,13.9,13.9
4384,3470,3500,3520,3445,3481.8798,193900,675137,3405,--,0,1074.3,0.09,14.18,1.023,14.18,1.02,27829200,966,3.2,3.2
4385,2329,2300,2336,2288,2320.3310,1042000,2417785,2302,--,0,--,--,7.85,--,5.92,--,153251791,3569,-104.4,--
4386,628,622,628,621,624.8681,9100,5686,622,--,0,2.70,13.8,7.21,2.57,24.352,2.57,24.35,5769780,36,45.3,45.3
4387,4430,4400,4440,4370,4405.2273,4400,19383,4320,--,0,--,--,9.70,13.797,--,--,2109820,93,0,--
4388,1789,1720,1798,1690,1753.4136,227300,398551,1650,--,0,0.33,55.9,1.78,7.97,16.713,7.97,16.71,5123000,92,32,32
4389,969,997,997,969,981.5636,5500,5399,997,--,0,0.86,26.9,3.70,3.22,14.702,3.22,14.70,5888400,57,35.9,35.9
4390,1199,1196,1221,1193,1206.1360,89700,108190,1192,23.1,0,--,--,4.24,26.843,4.67,25.01,12332000,148,51.9,--
4391,1979,1959,1989,1951,1967.7440,12500,24597,1939,42.4,0,--,--,5.88,21.313,6.18,18.11,3257500,64,46.7,--
4392,311,0.00,310,314,310,311.3772,50100,15600,311,27.9,1.60,--,--,1.17,--,1.17,--,31084515,97,11.1,--
4393,2859,2706,2876,2680,2783.0860,198800,553278,2726,--,0,29.6,3.37,7.91,29.650,7.91,29.65,3947000,113,96.4,96.4
4394,1938,1922,1943,1899,1925.2587,14300,27531,1923,--,0,0.51,44.7,2.23,4.06,12.132,4.18,12.13,2796500,54,43.3,43.3
4395,710,692,719,692,709.0829,77200,54741,692,--,0,21.7,4.59,4.05,29.950,4.23,29.95,5522000,39,32.6,32.6
4396,1811,1745,1814,1731,1793.8693,107900,193559,1745,25.9,0,0.33,--,--,4.41,27.218,--,--,5035000,91,69.7,--
4397,1985,2030,2030,1946,1981.9396,201900,400154,2029,279.5,0,--,--,28.66,22.801,28.66,22.80,16191200,321,7.1,--
4398,1569,1520,1570,1513,1543.4856,48600,75013,1514,--,0,34.3,2.91,7.73,9.744,7.63,9.74,3982780,62,45.7,45.7
4399,1709,1710,1731,1625,1674.4997,293600,491633,1717,306.2,0,--,--,6.44,--,6.56,--,17937436,307,5.6,--
4401,1655,1654,1670,1645,1658.2755,262400,435132,1654,11.5,0,2.90,--,--,0.82,8.501,1.07,8.06,103714442,1716,143.6,--
4403,3645,3650,3685,3615,3652.5359,97600,356488,3640,14.5,0,2.13,--,--,1.70,12.725,2.13,13.46,84841376,3092,250.8,--
4404,1275,1270,1280,1269,1275.0625,4800,6120,1276,11.3,0,3.13,--,--,0.54,2.808,0.57,2.93,10306895,131,112.5,--
4406,209,211,212,209,210.8494,88300,18618,212,11.2,0,1.43,--,--,0.56,4.142,0.66,2.18,37286906,78,18.5,--
4409,501,500,502,497,499.4576,5900,2947,498,7.1,0,2.99,--,--,0.81,15.543,0.92,20.40,21350000,107,70.3,--
4410,1192,1178,1208,1178,1198.0635,12600,15096,1178,10.7,0,3.18,--,--,0.84,11.960,1.13,1.40,26080396,311,111.1,--
4420,1803,1744,1808,1726,1780.9557,250800,446664,1732,63.8,0,0.30,--,--,7.32,15.482,8.25,13.38,21460800,387,28.2,--
4421,1555,1578,1580,1555,1571.0000,2800,4399,1579,25.2,0,1.60,--,--,2.73,25.326,--,--,1524500,24,61.7,--
4422,2410,2310,2450,2273,2368.8139,84900,201112,2272,234.2,0,--,--,7.25,--,--,--,2873400,69,10.3,--
4423,1533,1560,1590,1529,1560.2677,362400,565441,1538,14.9,0,3.33,--,--,4.24,32.553,--,--,50000000,767,102.4,--
4424,5830,5300,6160,5270,5811.4880,391800,2276941,5290,--,0,52.5,1.90,20.02,47.604,20.02,47.60,3314100,193,111,111
4425,9540,9500,9600,9290,9460.5240,91600,866584,9480,316.9,0,--,--,71.51,19.038,71.58,--,7076200,675,30.1,--
4426,--,--,--,--,--,--,--,--,--,--,5.00,15.6,6.40,2.17,28.502,2.17,28.50,1000000,5,32,32
4427,5100,5040,5140,4995,5079.4676,21600,109717,5050,40.5,0,--,--,6.68,17.001,--,--,8817000,450,125.9,--
4428,3270,3310,3355,3185,3267.3111,67500,220544,3300,--,0,99.0,1.00,16.95,20.347,18.02,20.35,6030000,197,33,33
4429,4935,5090,5320,4900,5089.0617,123100,626464,4955,73.3,0,--,--,16.27,35.441,--,--,4204600,207,67.3,--
4430,1049,1051,1053,1043,1049.1350,16300,17101,1047,--,0,1.42,16.7,5.97,1.75,12.595,1.75,12.60,4673600,49,62.7,62.7
4431,2422,2420,2424,2383,2411.9259,48600,117220,2420,--,0,51.9,1.92,7.82,17.942,8.25,17.94,9433400,228,46.6,46.6
4433,1612,1603,1627,1603,1618.2632,13300,21523,1608,15.1,0,1.27,--,--,2.68,--,--,--,17899333,289,106.2,--
4434,7840,7310,7900,7300,7667.2664,28900,221584,7270,--,0,90.7,1.10,10.00,23.313,10.00,23.31,3380190,265,86.4,86.4
4435,6900,6910,7000,6700,6852.3188,41400,283686,6960,--,0,--,--,27.87,--,27.87,--,5418500,374,-65.5,--
4436,1086,1077,1093,1072,1081.9794,43600,47174,1071,--,0,38.0,2.62,5.07,14.039,5.07,14.04,12979900,141,28.5,28.5
4437,3475,3475,3475,3440,3474.6701,28800,100071,2975,24.0,0,--,--,3.70,20.255,--,--,1652800,57,144.6,--
4438,2055,2050,2110,2040,2064.7339,23300,48108,2020,--,0,102.5,0.97,10.39,15.244,10.01,15.24,7784800,160,20,20
4439,3390,3290,3425,3290,3374.2857,3500,11810,3350,14.0,0,15.0,6.64,2.08,15.997,2.40,16.84,2400000,81,241.7,225.4
4440,1886,1892,1905,1880,1892.8415,8200,15521,1910,39.6,0,0.21,--,--,4.58,21.698,4.70,20.64,4054000,76,47.6,--
4441,1843,1934,1942,1800,1882.6143,89200,167929,1923,--,0,73.8,1.35,19.62,--,29.86,--,10222800,188,24.9,24.9
4442,1500,1500,1513,1488,1501.4150,44100,66212,1491,53.3,0,65.1,1.53,9.56,43.171,27.54,33.54,7150000,107,28.1,23
4443,4710,4685,4735,4580,4670.9540,104300,487181,4625,365.6,0,--,--,14.19,--,43.47,--,31058853,1463,12.9,--
4444,1574,1565,1575,1560,1567.9688,6400,10035,1552,--,0,22.8,4.38,3.93,30.532,3.93,30.53,1927500,30,69,69
4445,3225,3240,3240,3180,3211.3830,4700,15094,3200,--,0,--,--,5.37,30.741,5.37,30.74,1333600,43,0,0
4446,4660,4580,4685,4320,4563.5635,18100,82601,4585,--,0,73.3,1.36,14.31,26.850,14.31,26.85,4531900,211,63.5,63.5
4447,1586,1640,1640,1585,1607.3896,7700,12377,1665,--,0,15.5,6.45,5.86,67.336,5.86,67.34,1339200,21,102.3,102.3
4448,1066,1069,1079,1065,1069.3490,46700,49939,1071,--,0,696.7,0.14,26.61,--,67.85,--,36600000,390,1.5,1.5
4449,1798,1694,1799,1687,1754.4382,524000,919326,1672,128.0,0,--,--,18.42,--,41.55,--,25489600,458,14,--
4450,3785,3875,3940,3760,3837.1393,20100,77127,3910,--,0,25.3,3.94,3.40,--,5.57,--,1366500,52,149.3,149.3
4452,8495,8459,8541,8425,8494.0833,1115400,9474301,8409,25.2,0,1.53,--,--,5.07,18.873,--,--,482000000,40946,336.9,--
4461,3580,3570,3615,3560,3583.1421,40100,143684,3620,12.1,0,1.95,--,--,1.16,8.395,1.43,8.26,10684321,382,295,--
4462,1792,1778,1812,1778,1796.6907,9700,17428,1777,12.4,0,2.23,--,--,0.76,6.260,--,--,8154140,146,143.5,--
4463,879,889,903,879,887.9660,14700,13053,895,13.8,0,1.82,--,--,0.71,12.586,--,--,17710000,156,63.6,--
4464,1041,1028,1043,1028,1038.0000,700,727,1027,12.4,0,2.30,--,--,0.47,4.008,0.54,3.25,22274688,232,83.6,--
4465,1727,1734,1736,1723,1729.7347,4900,8476,1733,11.9,0,1.50,--,--,1.03,8.723,1.08,11.06,5943052,103,144,--
4471,5330,5310,5380,5300,5339.6413,22300,119074,5310,13.8,0,2.62,--,--,0.90,4.119,0.99,4.99,23534752,1254,385.6,--
4475,1518,1489,1520,1480,1508.5862,34800,52499,1481,163.7,0,--,--,34.34,17.268,--,--,15634200,237,9.3,--
4476,1923,1912,1944,1906,1920.6287,64100,123112,1906,--,0,78.7,1.26,16.82,--,18.57,--,3942500,76,24.4,24.4
4477,1601,1751,1844,1581,1709.8256,1376300,2353233,1656,--,0,--,--,21.59,--,17.83,--,19344600,310,-28.9,--
4502,4449,4409,4461,4366,4428.5499,4895900,21681737,4467,--,0,4.04,--,--,1.42,3.049,1.49,2.84,1576356908,70132,-175.3,--
4503,1839.5,1818.5,1847.0,1806.0,1833.4963,5469900,10029041,1818.0,16.5,0,2.17,--,--,2.67,17.593,6.14,30.34,1888823175,34745,111.4,--
4506,2044,2056,2061,2018,2044.4503,1086500,2221295,2070,22.5,0,1.36,--,--,1.58,10.227,1.31,11.60,397900154,8133,90.6,--
4507,6398,6356,6428,6352,6396.0800,985300,6302058,6352,14.6,0,1.56,--,--,2.88,20.934,3.71,19.35,316786165,20268,436.2,--
4508,2002,2004,2006,2002,2003.1660,5563700,11145015,2004,224.4,0,1.39,--,--,1.27,4.198,1.37,8.45,561417916,11240,8.9,--
4512,279,277,279,274,277.5816,19600,5441,276,--,0,--,--,0.80,--,0.80,--,34838325,97,-47.5,--
4514,1291,1295,1320,1281,1302.0359,125500,163406,1295,36.5,0,1.08,--,--,0.86,4.055,--,--,30563199,395,35.3,--
4516,9560,9490,9620,9380,9533.4426,567600,5411182,9460,39.0,0,0.89,--,--,4.61,12.521,4.89,12.37,70251484,6716,245,--
4517,2334,2302,2341,2282,2302.1414,9900,22791,2302,--,0,2.57,15.8,6.30,0.96,8.390,0.96,8.39,12154000,284,147.1,147.1
4519,9448,9359,9498,9332,9443.9291,435700,4114720,9394,34.4,0,1.56,--,--,6.36,12.776,--,--,559685889,52879,274,--
4521,5850,5890,5900,5840,5866.1887,79500,466362,5860,14.1,0,2.56,--,--,1.84,15.127,--,--,45939730,2687,413.7,--
